Price,Close,High,Low,Open,Volume,Date
164.04083251953125,164.04083251953125,165.14259655883865,161.9327462681612,162.74822453800647,1037900,2021-10-25
161.98480224609375,161.98480224609375,165.02982025357892,161.88937365248697,165.02982025357892,607300,2021-10-26
161.55970764160156,161.55970764160156,164.54400556068165,160.69217979244686,162.0194963426596,1113600,2021-10-27
160.56207275390625,160.56207275390625,160.58809753311706,153.55244540889606,155.82536437614752,2121000,2021-10-28
155.92079162597656,155.92079162597656,159.2000461523421,155.2007418533986,159.09594703640218,2215100,2021-10-29
154.4113006591797,154.4113006591797,156.38057952465275,151.21879100090604,153.8994491212527,1397200,2021-11-01
158.47996520996094,158.47996520996094,159.2607481382235,154.23775498323064,155.19204081641053,1525800,2021-11-02
162.58340454101562,162.58340454101562,163.27742949836258,155.32218712263602,156.18971500996344,1782700,2021-11-03
159.859375,159.859375,163.25139913805688,159.4342815498042,162.79161039520818,890100,2021-11-04
159.4776611328125,159.4776611328125,164.0321827702367,159.06125143244148,161.23007125978634,897700,2021-11-05
160.2410888671875,160.2410888671875,161.29079024358379,158.95713800711312,160.69219385728601,708900,2021-11-08
163.11257934570312,163.11257934570312,163.21667844488715,160.31045504337905,160.51866647917072,650200,2021-11-09
162.57472229003906,162.57472229003906,164.9430829752385,162.27109546912834,162.92174139062652,655000,2021-11-10
165.0818634033203,165.0818634033203,165.5243110644365,162.32313128366798,162.947752374424,957800,2021-11-11
170.5646514892578,170.5646514892578,172.81154544866666,164.8996956754211,165.6804654471508,2007600,2021-11-12
168.48260498046875,168.48260498046875,171.89198338878796,168.14426961752542,170.34778473356707,1277300,2021-11-15
170.11354064941406,170.11354064941406,171.18927999770483,168.76019925998622,168.76019925998622,1215800,2021-11-16
168.1182098388672,168.1182098388672,170.92900473153523,167.36346487402184,170.8075513666472,1165300,2021-11-17
166.8343048095703,166.8343048095703,169.54098788893873,166.5046399390326,168.2570501766007,1130100,2021-11-18
165.0471649169922,165.0471649169922,166.8429538274769,164.60473050187255,165.77588509627998,1371700,2021-11-19
162.73089599609375,162.73089599609375,166.13160400392312,162.33182731083355,165.70651053890967,2351700,2021-11-22
164.3965301513672,164.3965301513672,164.94307694140832,161.86335037815897,162.9390896944904,1572400,2021-11-23
164.57003784179688,164.57003784179688,165.05585134148942,162.61810009218758,163.268746008724,839900,2021-11-24
158.5233612060547,158.5233612060547,162.34916222282354,157.06592076390913,161.0738952172339,672500,2021-11-26
159.75526428222656,159.75526428222656,160.81364942421916,158.53205995166365,160.21505302978105,1043200,2021-11-29
152.2623748779297,152.2623748779297,158.76202224896625,152.25366700773966,158.0998651641507,2964800,2021-11-30
149.04742431640625,149.04742431640625,156.0698234785699,149.0299952805848,155.09399688945555,1543200,2021-12-01
153.90036010742188,153.90036010742188,154.60608313948964,149.48305028344365,150.11034930514734,1818000,2021-12-02
158.62261962890625,158.62261962890625,159.27606885617757,152.8809822759524,154.3098573878073,1903900,2021-12-03
160.6265411376953,160.6265411376953,163.24033817510988,160.08636067085658,160.5481304172431,2127600,2021-12-06
162.09896850585938,162.09896850585938,164.39038800729693,161.07958934311344,161.93342591375858,978400,2021-12-07
167.47467041015625,167.47467041015625,171.20368601918025,166.94319787597743,169.89678765262164,2474600,2021-12-08
167.28298950195312,167.28298950195312,168.69443547164943,166.03708611773132,166.03708611773132,2400400,2021-12-09
169.51341247558594,169.51341247558594,171.01199018961861,166.98674785942612,168.32849087133815,1605400,2021-12-10
167.65762329101562,167.65762329101562,169.67896574697892,166.57726251820378,169.02551658492382,937400,2021-12-13
166.74282836914062,166.74282836914062,169.83581086560358,165.9238365112924,166.87351290200615,1281500,2021-12-14
167.26556396484375,167.26556396484375,167.98000812878368,163.8937703914329,167.1784453826648,1531600,2021-12-15
166.79505920410156,166.79505920410156,169.74864853594113,165.82795402671397,168.15423117352074,1511700,2021-12-16
160.05149841308594,160.05149841308594,166.9954867577731,159.6420024910435,166.80380724981882,2447400,2021-12-17
155.0330047607422,155.0330047607422,157.69907540006085,153.19463379197973,157.47255112748007,2001500,2021-12-20
156.1656494140625,156.1656494140625,157.6903641992617,155.5731818986956,156.41831058604834,1833100,2021-12-21
155.94781494140625,155.94781494140625,157.42024245310998,155.09396518864853,155.573163867348,1013500,2021-12-22
158.74456787109375,158.74456787109375,159.4677198151655,156.47056443545566,157.08044761284867,1153000,2021-12-23
160.40000915527344,160.40000915527344,160.6962362813049,158.05630246366877,159.30220594374967,886000,2021-12-27
162.49974060058594,162.49974060058594,162.7698441011558,160.15604732800813,160.4871192123755,883500,2021-12-28
163.109619140625,163.109619140625,164.0592953393431,162.1599296474505,162.34290125093003,968800,2021-12-29
162.69140625,162.69140625,164.45136631660438,162.57815077303238,162.89180689089795,919400,2021-12-30
164.3380889892578,164.3380889892578,164.8085797887894,162.1250805410852,162.39517071015229,598200,2021-12-31
161.994384765625,161.994384765625,165.20935652287997,160.51323610439664,164.98283228345414,903100,2022-01-03
167.4398193359375,167.4398193359375,168.71187298208162,162.93537770638787,163.78922758021343,814100,2022-01-04
166.7253875732422,166.7253875732422,170.1146102625722,166.6905427984222,167.18715728274142,739300,2022-01-05
167.7186279296875,167.7186279296875,168.47662474714318,165.62759580834734,167.36140584316735,803900,2022-01-06
164.9218292236328,164.9218292236328,168.8686738961906,164.85213968758092,167.23939848379706,1116400,2022-01-07
163.87632751464844,163.87632751464844,165.8976698906516,162.03795674634392,164.92184347368672,977500,2022-01-10
165.1309814453125,165.1309814453125,165.47948239568456,161.83759827479795,164.89573599185886,1072800,2022-01-11
168.1542510986328,168.1542510986328,168.85997406680406,165.96737935480544,166.44656477159327,1311800,2022-01-12
170.26272583007812,170.26272583007812,171.22112332966452,168.86870881503955,169.30434162495004,846500,2022-01-13
167.8492889404297,167.8492889404297,168.79897841479226,164.59076456268534,168.54630398139497,988400,2022-01-14
165.20065307617188,165.20065307617188,166.3594377941481,163.50168799885958,165.77569150063346,1041500,2022-01-18
158.72715759277344,158.72715759277344,166.48142926123427,158.55290713499562,166.48142926123427,1367900,2022-01-19
156.69712829589844,156.69712829589844,162.02056180736142,156.47059072447973,158.90142926811953,1220800,2022-01-20
153.00294494628906,153.00294494628906,157.43768343929256,152.57602003749466,156.69711569276024,1012500,2022-01-21
155.63417053222656,155.63417053222656,155.96524240329626,147.92346504336206,150.36301125920588,1681300,2022-01-24
154.09201049804688,154.09201049804688,155.61672506007883,150.04933927678042,152.51502213528678,1162800,2022-01-25
152.4976348876953,152.4976348876953,157.63809721610005,151.87904368364454,155.34667745811632,1314500,2022-01-26
149.57015991210938,149.57015991210938,154.98943286112242,148.58562555650582,153.56055784753923,1206200,2022-01-27
149.79669189453125,149.79669189453125,149.89253164465626,145.0047309771969,148.56821747223933,1417700,2022-01-28
152.16651916503906,152.16651916503906,152.61087309282294,147.818912688268,148.9689762722436,2613800,2022-01-31
153.4647216796875,153.4647216796875,154.4231191538952,143.16636923922596,144.63008906042538,3533500,2022-02-01
151.87905883789062,151.87905883789062,153.543166392384,147.4443058646428,151.43470477670022,2994800,2022-02-02
151.9138641357422,151.9138641357422,154.88488289701027,150.62439482461681,150.62439482461681,1711000,2022-02-03
145.03958129882812,145.03958129882812,151.391101489485,144.54295353985825,150.68537850101842,2180800,2022-02-04
140.2301788330078,140.2301788330078,142.06854956017534,139.82940414999862,140.91848601930508,2816000,2022-02-07
143.14894104003906,143.14894104003906,143.94179592837696,139.2718117707742,140.82266347848017,1523600,2022-02-08
147.22647094726562,147.22647094726562,147.29617379703072,143.8372479823865,144.59525816454473,1397700,2022-02-09
143.42771911621094,143.42771911621094,148.41135872720335,142.4344770004233,145.0395655725872,1835100,2022-02-10
141.8856201171875,141.8856201171875,144.6562385750372,140.38704209658457,143.00083911468843,1812800,2022-02-11
143.17507934570312,143.17507934570312,143.96793424180018,141.26700553190264,142.33865851019647,1415100,2022-02-14
144.46456909179688,144.46456909179688,145.99800529065166,143.10539667514655,145.3881086418562,1083000,2022-02-15
145.64947509765625,145.64947509765625,146.102536951829,142.9572674671183,143.58457978998558,1205600,2022-02-16
141.8333282470703,141.8333282470703,145.0395927280714,141.76363869471822,144.4819832480441,2042700,2022-02-17
140.96205139160156,140.96205139160156,142.96596487103005,138.96685907636743,141.25829179059917,1186600,2022-02-18
138.2262725830078,138.2262725830078,140.7965165611977,137.28531749906765,140.70938468942762,1408500,2022-02-22
135.5950469970703,135.5950469970703,139.69869984465595,135.55148106543518,139.20208544849183,2198600,2022-02-23
136.21363830566406,136.21363830566406,136.4227468012698,131.744055553159,132.08384854948343,2630200,2022-02-24
141.04920959472656,141.04920959472656,141.30187080882885,135.4818220685127,136.1091344625475,2140500,2022-02-25
141.75491333007812,141.75491333007812,143.07924079132934,138.58350701367053,138.58350701367053,2186200,2022-02-28
137.69479370117188,137.69479370117188,142.47804607977,136.86709413547956,141.4848039420479,2220700,2022-03-01
143.15765380859375,143.15765380859375,143.6194235298093,139.071415869062,139.3589351228401,2028800,2022-03-02
144.76075744628906,144.76075744628906,146.63398624717453,143.45385919683912,144.88273408445946,1642600,2022-03-03
140.8488006591797,140.8488006591797,143.05310157258288,139.49833631479882,141.72006626272113,2317700,2022-03-04
133.57302856445312,133.57302856445312,142.95886398775275,133.52049804704302,141.12021571992824,2844000,2022-03-07
130.5348663330078,130.5348663330078,136.8475451563525,130.4823358246993,134.7199660516593,3055100,2022-03-08
133.66061401367188,133.66061401367188,136.5061333712235,131.62934455191004,133.23159243948572,4506400,2022-03-09
130.9813995361328,130.9813995361328,131.76063323189746,129.2215473874592,130.88508915307236,2602600,2022-03-10
128.2322235107422,128.2322235107422,132.662475512335,128.08336922379917,132.34727903128612,1797700,2022-03-11
126.9451675415039,126.9451675415039,131.62057070104447,126.6737375977032,129.45797530197981,1922800,2022-03-14
127.61931610107422,127.61931610107422,128.66997981502686,125.39543974066184,127.43545930295336,2769800,2022-03-15
129.93077087402344,129.93077087402344,132.08461576508856,128.14466635147232,129.03772529262088,3279500,2022-03-16
131.58555603027344,131.58555603027344,132.75003163263386,128.51240013515087,128.51240013515087,2833600,2022-03-17
132.3822784423828,132.3822784423828,132.92512492311252,130.11462220370737,131.0602115291219,2986100,2022-03-18
129.78189086914062,129.78189086914062,132.78501390951988,129.18652732745727,130.78001055235364,2223200,2022-03-21
127.75946044921875,127.75946044921875,130.57871499804733,126.84889998612647,130.21973852250866,3148100,2022-03-22
123.69686889648438,123.69686889648438,128.27596078088618,123.45171761822053,126.82256773396263,2489300,2022-03-23
121.47300720214844,121.47300720214844,123.58305857221305,121.12278150605785,123.58305857221305,3200800,2022-03-24
121.10527801513672,121.10527801513672,122.54116994335565,120.50990102259793,122.13841374019023,3380900,2022-03-25
123.4429931640625,123.4429931640625,123.97707571062537,119.61685556599913,121.87576141737591,3447700,2022-03-28
128.15341186523438,128.15341186523438,129.75565949926292,124.79132503960666,125.00146047611294,2952000,2022-03-29
125.27288055419922,125.27288055419922,128.43359602438173,125.08025973863994,126.5774463759878,1858500,2022-03-30
122.3923110961914,122.3923110961914,125.07148742276044,122.3923110961914,124.52864096404387,2414200,2022-03-31
123.36416625976562,123.36416625976562,124.08211888049794,121.63934320334089,123.38168088361714,1970600,2022-04-01
123.86322784423828,123.86322784423828,124.44109017033206,121.3504204925407,122.82132820287791,2035700,2022-04-04
123.9770736694336,123.9770736694336,127.70688744090538,123.5130362762603,126.122154453682,2442600,2022-04-05
122.3572769165039,122.3572769165039,122.88260867292217,120.30850711400738,121.91950490606919,2157400,2022-04-06
121.79696655273438,121.79696655273438,122.7250413613288,119.78321201648941,121.63061100029846,1525000,2022-04-07
123.38167572021484,123.38167572021484,125.07148281796339,121.69188198220932,121.69188198220932,1565700,2022-04-08
123.45172882080078,123.45172882080078,126.60369319842091,123.19782688803822,123.35541842704728,1632000,2022-04-11
122.82134246826172,122.82134246826172,126.60369992228513,122.32228920848465,124.31852896708213,1385400,2022-04-12
123.845703125,123.845703125,124.48484654038234,122.06834977336362,122.58491755621041,1394500,2022-04-13
122.85637664794922,122.85637664794922,125.15029832790783,122.120909318106,124.13466378267992,2198700,2022-04-14
122.72505187988281,122.72505187988281,123.31166500050321,120.83387284759372,122.12092413125602,1488400,2022-04-18
126.56866455078125,126.56866455078125,126.75253470690859,123.77567647841448,123.77567647841448,1667800,2022-04-19
126.32352447509766,126.32352447509766,129.02895302597105,126.10463841059828,127.86447755966498,2015000,2022-04-20
126.2972640991211,126.2972640991211,129.01145674774918,125.89450784658277,127.85573186983146,1554100,2022-04-21
123.88074493408203,123.88074493408203,126.41106695930796,123.77567055286355,125.02770561766377,2092800,2022-04-22
123.87199401855469,123.87199401855469,124.40607653367081,120.91266360341875,123.64435732808107,3087000,2022-04-25
120.98270416259766,120.98270416259766,124.39733492590183,120.8951577490231,122.97895744438458,2705100,2022-04-26
121.82323455810547,121.82323455810547,123.25912668974763,120.45738757431731,121.50803807263544,2391300,2022-04-27
111.30795288085938,111.30795288085938,114.50369115376861,109.6181519867374,111.10658141734329,5689300,2022-04-28
105.19662475585938,105.19662475585938,113.37421010822499,104.933958854398,110.06464780527149,5290500,2022-04-29
107.52558135986328,107.52558135986328,108.81263240617895,104.1022070019912,104.67131206952922,3138500,2022-05-02
110.5286865234375,110.5286865234375,111.80698012184462,107.13157778300784,107.43801688538773,2761200,2022-05-03
114.59999084472656,114.59999084472656,115.03776298690364,109.3554824518095,110.4849353802111,2159900,2022-05-04
108.22602081298828,108.22602081298828,113.05902861437416,107.18412106090338,112.79636267825909,1563400,2022-05-05
105.96712493896484,105.96712493896484,108.39238637647503,104.68007375673079,108.39238637647503,2276000,2022-05-06
110.0208969116211,110.0208969116211,111.4655396229013,104.29483654587477,104.38238963748681,1951100,2022-05-09
106.3698501586914,106.3698501586914,111.46551652092369,105.06529132839448,110.66001755724177,2306400,2022-05-10
103.93585968017578,103.93585968017578,107.11408298133342,103.76075349780464,106.65880289924485,1884100,2022-05-11
105.47681427001953,105.47681427001953,106.58000186822942,102.9027121008206,103.83078684541728,1840000,2022-05-12
106.47494506835938,106.47494506835938,107.68319382269462,105.25793900047788,106.08095279712722,1485800,2022-05-13
103.699462890625,103.699462890625,106.32609563513022,101.36175467131226,106.32609563513022,1677700,2022-05-16
107.64815521240234,107.64815521240234,107.76198023192846,103.97087229578447,105.43302948616432,1514600,2022-05-17
101.69445037841797,101.69445037841797,106.17723197585563,101.3792539623642,106.05465633404268,1569000,2022-05-18
101.60691833496094,101.60691833496094,103.48058259608034,100.02217861513725,100.68759415119652,2178900,2022-05-19
101.86956787109375,101.86956787109375,102.92897556749406,98.3936562758676,102.47369551576827,1619600,2022-05-20
103.06906127929688,103.06906127929688,104.86392282889632,102.61377456787993,103.06030396718873,1374400,2022-05-23
101.59815979003906,101.59815979003906,102.7013474612088,99.21667826237804,102.63130231513105,1378000,2022-05-24
103.83953857421875,103.83953857421875,104.27731066490253,100.77513393943228,101.32673104881192,1253500,2022-05-25
104.36485290527344,104.36485290527344,106.81637903037819,103.66442164086587,104.75009444261394,1609700,2022-05-26
104.7851333618164,104.7851333618164,106.65879747333646,103.86580925145375,105.98463135764356,1737900,2022-05-27
103.91834259033203,103.91834259033203,104.63628856267944,102.10596637477992,103.59438883358949,2386400,2022-05-31
100.42491912841797,100.42491912841797,104.87268535883982,99.90835124615843,104.78513227301796,2026300,2022-06-01
101.9133529663086,101.9133529663086,102.34236778236064,100.61754452533567,101.26545208575843,2242700,2022-06-02
100.27608489990234,100.27608489990234,101.77326481085099,99.89960059388326,101.56313605489487,1458100,2022-06-03
106.07718658447266,106.07718658447266,106.3681246321355,100.24964112365014,100.69045390146563,3075500,2022-06-06
106.05072021484375,106.05072021484375,106.15651768434182,103.07964019421925,105.26607414663673,1929900,2022-06-07
105.31015014648438,105.31015014648438,106.38573419850248,104.34918169997937,105.15145730723141,1816900,2022-06-08
103.9612808227539,103.9612808227539,105.50412549935542,103.48520222967886,104.51670921114261,1300900,2022-06-09
96.94353485107422,96.94353485107422,101.68667740816666,96.91708716345626,101.68667740816666,1916800,2022-06-10
93.29359436035156,93.29359436035156,95.55937124304498,92.61474579973695,94.76590708200557,1841400,2022-06-13
94.13114166259766,94.13114166259766,95.4535797719283,93.0555643170739,93.29360021719548,1943000,2022-06-14
93.94599914550781,93.94599914550781,95.43594820288233,92.56184755609641,94.80999498487009,1668800,2022-06-15
89.66130065917969,89.66130065917969,92.12103633698698,88.27714904761085,91.68904177352445,2218900,2022-06-16
91.02783203125,91.02783203125,91.83892586942734,88.39177369403926,89.13233587856587,5068800,2022-06-17
90.49885559082031,90.49885559082031,93.7873148181281,89.9698816555349,93.7873148181281,2158500,2022-06-21
89.92581176757812,89.92581176757812,91.30114555985247,87.66003423032816,88.3388829870542,2241400,2022-06-22
93.8402099609375,93.8402099609375,93.93718929327926,89.9786863945573,89.9786863945573,2048200,2022-06-23
98.00148010253906,98.00148010253906,98.25714554266627,94.16640433288143,94.79235754318601,2485100,2022-06-24
96.2999496459961,96.2999496459961,98.68915377814855,95.75333945244766,98.45111114294669,1058100,2022-06-27
94.748291015625,94.748291015625,98.38940181134346,94.59841629895615,96.7936618516218,1186300,2022-06-28
93.53164672851562,93.53164672851562,95.04804367545343,92.30618781294191,94.14878861864572,1393400,2022-06-29
92.4472427368164,92.4472427368164,94.16640962753641,91.24823161898719,91.90945068869,1493500,2022-06-30
94.58958435058594,94.58958435058594,95.49765738240565,92.09458300258875,92.97620835018344,1075700,2022-07-01
97.30500030517578,97.30500030517578,97.38434336459402,92.58829891367019,93.6903306918223,1759500,2022-07-05
97.78108978271484,97.78108978271484,98.62744947589565,95.8944049792216,96.91709381239983,1509500,2022-07-06
98.66270446777344,98.66270446777344,98.72441797842731,96.83773338214858,98.29241667758203,1272900,2022-07-07
97.22563934326172,97.22563934326172,98.94481275531845,96.96115578266888,97.93975370100999,1460800,2022-07-08
95.89440155029297,95.89440155029297,97.53422549915408,95.34779805151838,96.95235617364102,1197500,2022-07-11
94.58078002929688,94.58078002929688,97.72818271090455,93.64625917674543,95.79742749150614,1738700,2022-07-12
95.2331771850586,95.2331771850586,95.88558485436519,91.74194124556497,92.76462998581749,1380200,2022-07-13
93.54927825927734,93.54927825927734,94.23694504305476,91.80365688592289,93.75204834871505,1071300,2022-07-14
94.44854736328125,94.44854736328125,95.20674591141618,92.81754136137035,95.06568931418637,848200,2022-07-15
94.16641235351562,94.16641235351562,96.24704895784662,93.79613127806734,94.77473606765811,937500,2022-07-18
99.21812438964844,99.21812438964844,99.32392186024214,95.08329906679741,95.65635692821081,1443600,2022-07-19
100.70807647705078,100.70807647705078,100.86676932452355,98.93600746798298,99.66775819390007,1352700,2022-07-20
102.0393295288086,102.0393295288086,102.18921096995936,99.36800544362521,101.00782934812227,1212400,2022-07-21
102.00406646728516,102.00406646728516,103.72324020795298,101.1841544928174,102.26855680470133,872900,2022-07-22
100.78742218017578,100.78742218017578,102.50658913431492,100.23200056259277,101.51035478733537,1151100,2022-07-25
101.4398193359375,101.4398193359375,101.88063204881924,99.39444861721701,100.69043906929221,1445100,2022-07-26
103.54691314697266,103.54691314697266,104.35801372569287,100.67281883594679,101.74840303110872,1265700,2022-07-27
86.91065216064453,86.91065216064453,92.46488933447854,86.39930770482154,87.98623645521378,7678700,2022-07-28
85.80860137939453,85.80860137939453,86.31994572321443,82.48486987083314,86.05545541399229,6793000,2022-07-29
85.62347412109375,85.62347412109375,87.06052131733057,83.76324370978142,85.1209478367179,2274300,2022-08-01
82.9256820678711,82.9256820678711,85.15619322936013,82.89041624510325,84.7153805341641,1807500,2022-08-02
82.6082992553711,82.6082992553711,83.01385286813814,81.00374125823721,82.99621659300836,3233400,2022-08-03
82.57303619384766,82.57303619384766,84.30983253974169,82.45842058981052,82.88160373112488,2517400,2022-08-04
84.60958862304688,84.60958862304688,85.5441093715441,82.29090957354232,82.93449905919371,2002800,2022-08-05
85.45594024658203,85.45594024658203,87.45722670979343,85.10328878277899,85.4823879292705,1570000,2022-08-08
80.84505462646484,80.84505462646484,85.36779768848584,80.67755035746795,84.7153899839087,2597600,2022-08-09
83.69270324707031,83.69270324707031,85.04158909340367,82.60830099684583,82.6876507840663,2586500,2022-08-10
86.66378021240234,86.66378021240234,88.6562487896265,84.74183655578568,85.43832143457871,2276700,2022-08-11
88.03911590576172,88.03911590576172,88.19780875208241,86.01137472791596,86.92826598151684,1301500,2022-08-12
89.52024841308594,89.52024841308594,90.02277464723967,87.32500294033733,87.32500294033733,2305900,2022-08-15
91.31876373291016,91.31876373291016,92.05932586614374,87.97740254315983,89.0441685072329,2403000,2022-08-16
90.4018783569336,90.4018783569336,90.74571175919112,88.18017836021095,89.36156001192477,1524000,2022-08-17
90.34015655517578,90.34015655517578,90.70161947448115,89.00008216947437,90.70161947448115,1344200,2022-08-18
87.2720947265625,87.2720947265625,89.61722147252011,86.57560986726534,89.56431937571024,1920100,2022-08-19
83.10202026367188,83.10202026367188,86.41692725090898,82.9962227838061,86.25823439424465,1884700,2022-08-22
81.40047454833984,81.40047454833984,83.89547603704382,81.2065158847278,83.02266205078965,1894000,2022-08-23
82.46724700927734,82.46724700927734,82.68765337607798,80.65110069924604,81.16243835825945,1414900,2022-08-24
83.78968048095703,83.78968048095703,84.09824803180854,82.60829892392367,82.76699176811417,803000,2022-08-25
79.40800476074219,79.40800476074219,84.53024652110521,79.3815570731959,84.34510598201277,1344300,2022-08-26
79.29340362548828,79.29340362548828,79.98107047400174,78.42058949351124,79.34629900575267,1228800,2022-08-29
78.48228454589844,78.48228454589844,81.15361496726773,78.29714403226706,80.19263985220861,1417900,2022-08-30
77.67121124267578,77.67121124267578,79.42564424070494,77.35382549990166,78.93193607473154,2184800,2022-08-31
77.30091857910156,77.30091857910156,77.5742203121441,75.80215802682733,77.48605911370474,1633900,2022-09-01
76.31330871582031,76.31330871582031,78.59994959009786,75.87733623463264,78.45759413812455,1432600,2022-09-02
75.89513397216797,75.89513397216797,77.08738717202677,75.4324634855025,76.87385060259932,1647900,2022-09-06
77.83477020263672,77.83477020263672,77.9593337589198,75.29899560694828,75.85063906206243,1141300,2022-09-07
78.34192657470703,78.34192657470703,78.46649013545893,75.96630600732755,76.82935838411204,1083800,2022-09-08
79.63204956054688,79.63204956054688,80.31714912302864,78.51987009741075,78.81348710484782,1227200,2022-09-09
81.63396453857422,81.63396453857422,81.6784544279913,80.02353100709576,80.41501352350907,1577600,2022-09-12
77.75468444824219,77.75468444824219,80.20147908980383,77.55004724325141,79.6498356723164,1749500,2022-09-13
76.98949432373047,76.98949432373047,77.92372759697245,76.01967728856607,77.62121131500518,1837800,2022-09-14
76.17984771728516,76.17984771728516,78.74230678238182,75.56592247523088,77.08738318152622,2021500,2022-09-15
76.0285873413086,76.0285873413086,76.55353959128502,74.64058950781993,75.23671608623314,2471400,2022-09-16
76.92723083496094,76.92723083496094,77.3721026349236,75.45025998895144,75.67269588893278,1604700,2022-09-19
75.05875396728516,75.05875396728516,76.16203388553134,74.59608359665701,75.82393383638265,1181100,2022-09-20
74.25800323486328,74.25800323486328,76.75818068615725,74.25800323486328,75.72608159563865,1297100,2022-09-21
71.86459350585938,71.86459350585938,74.15123447471943,71.74002993465342,73.94659723125487,1552800,2022-09-22
70.2719497680664,70.2719497680664,71.4375116662821,68.21663751642373,71.17948521778308,2869800,2022-09-23
70.14737701416016,70.14737701416016,71.77560931175479,69.55125047510784,69.7114045828746,1600800,2022-09-26
69.10636901855469,69.10636901855469,71.58875394678851,68.44796079591814,70.8591646221903,1422900,2022-09-27
70.81468963623047,70.81468963623047,71.14389721091766,69.47118169209085,69.60464458929944,1433000,2022-09-28
68.69709014892578,68.69709014892578,69.96942353893365,67.78955482744918,69.70249779180327,1528200,2022-09-29
66.91761016845703,66.91761016845703,69.3644048793115,66.84642905679038,69.05299600102545,1893500,2022-09-30
70.31644439697266,70.31644439697266,70.93036972981257,67.7628842907543,67.91413909246084,2049700,2022-10-03
74.04446411132812,74.04446411132812,74.19571889545244,71.53538740939914,71.53538740939914,2125700,2022-10-04
73.22589874267578,73.22589874267578,73.81312597074466,71.81120293232867,72.72763772602413,1185500,2022-10-05
72.12259674072266,72.12259674072266,73.84870108283569,71.74000681298224,73.10131989647952,1325500,2022-10-06
68.9729232788086,68.9729232788086,71.18838980720115,68.73269548528197,71.08161812774199,1839900,2022-10-07
68.72378540039062,68.72378540039062,69.78258232777253,67.86963246291603,69.70250188365084,1311300,2022-10-10
68.19883728027344,68.19883728027344,69.57793556456026,67.61160334080137,68.5547360204198,2405100,2022-10-11
67.37137603759766,67.37137603759766,68.27001883503273,66.29478726302078,67.629402456196,2179400,2022-10-12
68.54585266113281,68.54585266113281,69.20426107152623,62.49559303312313,65.08475035264365,2653100,2022-10-13
68.09207153320312,68.09207153320312,69.24874084204444,67.65609910248179,68.54584263598912,1520900,2022-10-14
68.0386962890625,68.0386962890625,70.18297490172371,67.90523338728073,69.96053899482249,1655800,2022-10-17
68.80386352539062,68.80386352539062,70.35201524811815,67.61160375679529,69.72919754018291,2351100,2022-10-18
65.92111206054688,65.92111206054688,68.35011551733409,65.1025494287719,67.98532410482389,1923600,2022-10-19
64.19498443603516,64.19498443603516,67.59380378140887,64.13270267269858,66.26808808284298,1783200,2022-10-20
65.79652404785156,65.79652404785156,65.94778559024988,63.70562834134946,64.54198933923176,1867900,2022-10-21
67.56714630126953,67.56714630126953,67.78958225112812,65.15594141938726,65.876631724703,2041800,2022-10-24
70.1918716430664,70.1918716430664,70.1918716430664,67.62051319743101,67.62051319743101,1697500,2022-10-25
70.55667114257812,70.55667114257812,71.16169707022942,69.96943710035552,70.36981901044909,2951600,2022-10-26
67.32689666748047,67.32689666748047,69.75589968534462,64.39963940521545,64.44412930055337,5881900,2022-10-27
69.853759765625,69.853759765625,69.94273275248167,66.62398671591808,67.16673076040867,2808100,2022-10-28
69.83596801757812,69.83596801757812,70.72571155074509,68.85725148873534,69.46227736281706,5726200,2022-10-31
68.14545440673828,68.14545440673828,71.44640891068117,68.11876318667589,70.77910125630322,1828900,2022-11-01
65.20040893554688,65.20040893554688,68.84835628272037,65.16481837750068,67.63830446196943,1998700,2022-11-02
63.75902557373047,63.75902557373047,65.21820444174365,62.9048657985088,63.83019989816184,2109200,2022-11-03
66.41046905517578,66.41046905517578,66.56172385461976,64.43523696011223,64.76444457202473,1618400,2022-11-04
68.0386962890625,68.0386962890625,68.41238698348734,65.84102844276548,67.3802879053323,1208300,2022-11-07
68.05648040771484,68.05648040771484,70.10289323293709,67.02438144735028,68.59922450166846,1260800,2022-11-08
65.71644592285156,65.71644592285156,67.72726784193917,65.37834588563636,67.25569815323472,1918800,2022-11-09
72.46961212158203,72.46961212158203,72.47851145810957,68.29671933320414,68.97291956879079,3694100,2022-11-10
74.91641235351562,74.91641235351562,76.20654471444067,72.36285243137023,72.50520788500712,2743800,2022-11-11
72.2204818725586,72.2204818725586,74.87192062178264,72.08701898325255,74.8185313931375,1787700,2022-11-14
75.93070983886719,75.93070983886719,76.68699727239095,74.03555855755579,74.07114911345609,2364600,2022-11-15
72.69205474853516,72.69205474853516,75.90402992371375,72.04254567418252,75.57482911196436,1924700,2022-11-16
71.62435150146484,71.62435150146484,71.98025025787072,70.30752813922436,71.18837908867484,1948100,2022-11-17
71.357421875,71.357421875,73.56398861472611,70.1829607941694,72.78101682357365,1332900,2022-11-18
71.85569763183594,71.85569763183594,71.97136186025948,70.58336396635617,70.69902819477971,1039800,2022-11-21
73.19918823242188,73.19918823242188,73.24367811873725,71.87347243630771,72.2026799457121,1313000,2022-11-22
73.20809936523438,73.20809936523438,73.305971700338,72.06032935300473,73.11912636646872,1128900,2022-11-23
73.9198989868164,73.9198989868164,74.06225443115815,73.33266495986894,73.43943663427889,496600,2022-11-25
71.04600524902344,71.04600524902344,73.82200694904193,70.88585117424923,72.95895481210334,1777600,2022-11-28
71.63326263427734,71.63326263427734,72.0425438956764,70.81469332327394,71.10831035477935,1544400,2022-11-29
73.4395751953125,73.4395751953125,73.4395751953125,70.06056203459956,71.87588574294851,2373200,2022-11-30
73.97879028320312,73.97879028320312,75.83005519982216,73.79905835480008,74.41015651023746,1950300,2022-12-01
73.63729095458984,73.63729095458984,74.14054579871211,71.90285124528786,72.51394935157906,1620100,2022-12-02
70.6537094116211,70.6537094116211,73.33175246460955,70.34815687201109,72.85545663107139,1504200,2022-12-05
69.85388946533203,69.85388946533203,71.06709723732436,68.82041363869625,70.44701037007606,3175400,2022-12-06
69.42252349853516,69.42252349853516,70.58181306321255,69.07204140413667,69.35062797754719,1518000,2022-12-07
70.33916473388672,70.33916473388672,70.42004890602287,68.87432954490878,69.31467759572206,1192800,2022-12-08
71.201904296875,71.201904296875,72.31625751514633,69.83591673972398,69.97970779051238,1816200,2022-12-09
72.1364974975586,72.1364974975586,72.18143390180484,70.39307608539328,71.45351077607772,1158200,2022-12-12
74.40117645263672,74.40117645263672,76.97138309247632,73.47554388738698,75.77614574714045,2155500,2022-12-13
73.0441665649414,73.0441665649414,74.76961769883766,72.47800483997544,74.03270584854863,1493000,2022-12-14
70.15943908691406,70.15943908691406,72.15449533163851,70.04261400149974,71.71414724133187,1928300,2022-12-15
68.5777587890625,68.5777587890625,70.18638485307173,67.85882424755556,69.54832761924683,3442000,2022-12-16
67.21177673339844,67.21177673339844,69.17987344867518,66.61864906609136,68.39802521167945,1429100,2022-12-19
67.0679931640625,67.0679931640625,67.70605045330784,66.45689497971946,66.72649974141024,1310800,2022-12-20
65.8458023071289,65.8458023071289,67.7869402985879,65.78289543831318,67.31064445522095,2032500,2022-12-21
65.86376953125,65.86376953125,65.91768773731212,64.04844555537977,64.97408484955788,1928600,2022-12-22
66.44790649414062,66.44790649414062,66.62763841295468,65.24368069782012,65.8637674734951,891200,2022-12-23
66.87029266357422,66.87029266357422,67.08597236521457,65.82782820236669,66.44791505795855,1128100,2022-12-27
64.86624145507812,64.86624145507812,67.49935459521974,64.84827100520347,66.91521555745908,1225600,2022-12-28
68.21829986572266,68.21829986572266,68.65864790407848,65.39645913233235,65.49531375307217,1517000,2022-12-29
67.50835418701172,67.50835418701172,68.02957959383411,66.79840131609133,67.40051090128922,1479000,2022-12-30
68.46993255615234,68.46993255615234,69.19785585882205,66.86130625303778,68.58675763672454,1574600,2023-01-03
70.63571166992188,70.63571166992188,71.53438486383013,69.33263828128786,69.65616117960141,1980000,2023-01-04
70.67166137695312,70.67166137695312,71.08505023483553,68.93722179043968,70.06955196588521,1752800,2023-01-05
72.85543823242188,72.85543823242188,73.32274529363566,69.9617093447155,71.40857378856869,2619700,2023-01-06
73.83499908447266,73.83499908447266,75.37172955196064,72.64874378711394,73.30477829038054,2577000,2023-01-09
75.5155258178711,75.5155258178711,75.54248492325496,73.17897631470377,73.44858108121055,1462400,2023-01-10
77.12415313720703,77.12415313720703,77.16010089700346,75.56944509359846,76.3333229906879,1599200,2023-01-11
77.52854919433594,77.52854919433594,78.18458377614098,75.98283674566821,78.18458377614098,1636500,2023-01-12
79.90105438232422,79.90105438232422,80.25153645585779,76.62987693545452,76.85454528291623,1918400,2023-01-13
79.71232604980469,79.71232604980469,80.71884270351234,79.44272814965116,79.77523291214055,2794100,2023-01-17
78.90351867675781,78.90351867675781,81.45574756400032,78.53505933181091,80.24253997728059,2244200,2023-01-18
74.94935607910156,74.94935607910156,78.23849685710172,74.42812390923451,78.13964224363268,1937600,2023-01-19
77.13313293457031,77.13313293457031,77.16908069023911,74.4910311717471,75.56943641647766,1378000,2023-01-20
79.5056381225586,79.5056381225586,79.9909225894217,76.89948384777556,77.95991875173553,1800300,2023-01-23
78.75074005126953,78.75074005126953,80.73680725279578,78.12167147389316,78.63391498870914,1247700,2023-01-24
77.10618591308594,77.10618591308594,78.18459132678367,76.54001724301038,77.92397519960093,1611500,2023-01-25
75.86599731445312,75.86599731445312,78.19356469526788,75.37173111993758,78.03180322920225,1832500,2023-01-26
77.42970275878906,77.42970275878906,77.92396901067191,75.35376256061272,75.86600611988557,1435100,2023-01-27
76.1805419921875,76.1805419921875,77.86106373812237,76.04574646567814,76.216489751368,1713000,2023-01-30
80.26051330566406,80.26051330566406,80.26051330566406,76.5310244527651,76.9444133638519,3522100,2023-01-31
81.92306518554688,81.92306518554688,82.55213378270363,79.05629502921788,79.91003196197826,2328200,2023-02-01
86.17378997802734,86.17378997802734,87.0724633592614,80.97047027792209,82.99248538569871,4116300,2023-02-02
84.31352996826172,84.31352996826172,85.16726687324909,82.74085167019733,83.76533869871547,1962700,2023-02-03
82.8307113647461,82.8307113647461,83.23511843888663,81.60851520276479,83.22612978666145,1929500,2023-02-06
81.24906158447266,81.24906158447266,82.4263214893774,79.84712648374357,82.0219143644939,2140600,2023-02-07
78.8765640258789,78.8765640258789,81.06932939165137,78.4721637244431,80.53012670429224,1699200,2023-02-08
76.16255950927734,76.16255950927734,80.10773460968785,75.58740916591451,79.63143887437171,2359000,2023-02-09
77.13313293457031,77.13313293457031,77.600440045598,75.25490212479235,75.66829103048352,1459100,2023-02-10
80.21559143066406,80.21559143066406,80.30545740144395,77.2409777466109,77.25895505456732,1599900,2023-02-13
80.12571716308594,80.12571716308594,80.35936729165302,77.77119057698673,79.29893249105362,1403800,2023-02-14
82.6240234375,82.6240234375,82.66895298763508,79.66738752782436,79.98192180410197,1996600,2023-02-15
81.06034088134766,81.06034088134766,81.82421878415667,79.92801729278531,80.99743401531641,1820100,2023-02-16
80.1436767578125,80.1436767578125,80.87159986039615,78.25646439712705,80.87159986039615,1626500,2023-02-17
75.2549057006836,75.2549057006836,79.00237884530785,75.21895794330666,78.57101261311837,2359500,2023-02-21
76.18952178955078,76.18952178955078,76.83656766691709,75.32679623850679,75.39869174851043,1637600,2023-02-22
78.0407943725586,78.0407943725586,78.33735823858757,75.93790191817254,76.61190696478354,2629600,2023-02-23
76.20751190185547,76.20751190185547,77.07023759788012,74.94037903634984,76.82759192492466,1603600,2023-02-24
76.01876831054688,76.01876831054688,77.95990585692923,75.63234538809067,77.51056922374808,1186600,2023-02-27
76.9354248046875,76.9354248046875,77.53753429398398,75.767146725943,75.9289082005948,1527500,2023-02-28
75.24592590332031,75.24592590332031,77.64538220724536,75.05719845799241,77.16908640792697,1602800,2023-03-01
76.818603515625,76.818603515625,76.93542858670901,73.7271648953464,74.88645437795087,1721500,2023-03-02
78.4182357788086,78.4182357788086,78.86757243855553,77.33084188498101,77.45665560120348,1804100,2023-03-03
77.15753173828125,77.15753173828125,79.0168614208603,76.7856699536304,78.59057560643072,1795400,2023-03-06
76.24146270751953,76.24146270751953,77.70171496850301,76.08727629978193,77.18473172155554,1297100,2023-03-07
76.2323989868164,76.2323989868164,76.46821105415556,74.98982204215928,76.05099710450828,1675300,2023-03-08
74.82655334472656,74.82655334472656,77.13937685238197,74.69957550475374,76.25052505279892,1795000,2023-03-09
73.21211242675781,73.21211242675781,75.49772038955737,72.07837680795835,74.8084141155639,2227300,2023-03-10
72.8039779663086,72.8039779663086,74.30958248972229,71.67931394578325,72.51374186682546,2050800,2023-03-13
72.90374755859375,72.90374755859375,74.77214894359261,71.95141359709444,74.59074705584908,1650900,2023-03-14
72.37770080566406,72.37770080566406,72.85840370802406,70.71790982901477,71.14419562386973,2300200,2023-03-15
72.75862884521484,72.75862884521484,73.248403534707,71.10790981904827,71.32558515223121,2155200,2023-03-16
70.46395111083984,70.46395111083984,72.94002627409134,70.44580746259169,72.93096136974158,3643700,2023-03-17
71.3255844116211,71.3255844116211,71.43442553696944,70.37324359420153,70.46394799187883,2200200,2023-03-20
72.2597885131836,72.2597885131836,74.16446341095643,71.78815743098042,72.24165178377275,1919000,2023-03-21
69.42998504638672,69.42998504638672,72.36862638229556,69.36649611665263,72.0058295324832,2140100,2023-03-22
68.450439453125,68.450439453125,70.47302041323722,67.83368684990955,69.74743359283801,1766400,2023-03-23
67.34391021728516,67.34391021728516,68.18740997558557,66.31901548893555,67.41647097321466,2240800,2023-03-24
69.31206512451172,69.31206512451172,69.76555941125116,68.01507118764594,68.48670912092823,1916400,2023-03-27
69.62045288085938,69.62045288085938,70.3006943895552,69.16695854172882,69.41184244015857,1044000,2023-03-28
70.6634750366211,70.6634750366211,71.1078974494943,70.32788681152007,70.67253993908686,1316800,2023-03-29
70.5274429321289,70.5274429321289,71.96047981265083,70.2099982725125,71.69745918023622,1178900,2023-03-30
73.08514404296875,73.08514404296875,73.2211937187743,70.91744181306206,71.15325387003277,1427700,2023-03-31
72.0511703491211,72.0511703491211,73.11234525833659,71.33464858689423,72.82210920830056,1470300,2023-04-03
69.95604705810547,69.95604705810547,72.49561858963341,69.27580542499359,72.48654676365472,1297600,2023-04-04
67.54344940185547,67.54344940185547,69.46626101166818,67.0355379456445,69.34835497212623,1840500,2023-04-05
67.38019561767578,67.38019561767578,67.616014632137,66.45506321005297,67.54345387079893,1404000,2023-04-06
70.26441192626953,70.26441192626953,70.2734837503197,67.00831906968578,67.117160198965,1703800,2023-04-10
71.38002014160156,71.38002014160156,71.84258639532496,70.69071359383723,70.78141109540877,1349700,2023-04-11
70.84487915039062,70.84487915039062,72.55908702784149,70.68162092778704,72.36862025476624,1587200,2023-04-12
71.90605926513672,71.90605926513672,72.22350390956613,70.42767025263727,71.07163136555816,1474400,2023-04-13
72.03303527832031,72.03303527832031,73.7291065062314,71.10790992113414,72.10559602941015,1360300,2023-04-14
72.24166107177734,72.24166107177734,72.55910577559044,71.41629792208774,71.88793598470339,922100,2023-04-17
73.41165924072266,73.41165924072266,73.80166461414505,72.43210989541421,72.6679288681234,1325900,2023-04-18
72.83118438720703,72.83118438720703,72.93095368273316,72.02396511960367,72.55908505035875,1076600,2023-04-19
72.4049072265625,72.4049072265625,72.96723577361534,71.34373214282627,72.23257716484017,1237200,2023-04-20
72.55908203125,72.55908203125,72.9490873739589,71.70651060305536,72.84024625979364,1059100,2023-04-21
72.42304229736328,72.42304229736328,73.25747019437341,71.70652043369994,73.0851470563703,793600,2023-04-24
70.4367446899414,70.4367446899414,72.32327589815942,70.39139248772278,71.87885337946992,929900,2023-04-25
70.07393646240234,70.07393646240234,71.60674238790418,69.72927638891888,70.26440322522423,1080600,2023-04-26
74.69051361083984,74.69051361083984,74.69958543483622,71.15325650764153,71.25302581227906,2220500,2023-04-27
78.30939483642578,78.30939483642578,78.51800526561006,74.78120962634894,74.99889187935185,3090800,2023-04-28
78.70846557617188,78.70846557617188,79.58824558034918,78.34566877076828,78.40009278943161,1840900,2023-05-01
77.5384521484375,77.5384521484375,78.7356768031413,76.58611828661275,78.68125970240095,1885300,2023-05-02
78.49079895019531,78.49079895019531,80.31384808233395,77.68357960168987,77.98288751826585,2005500,2023-05-03
78.1642837524414,78.1642837524414,80.6131503902436,76.75844854791923,80.0417500200296,2673500,2023-05-04
77.52032470703125,77.52032470703125,79.82407681789634,76.69496167481195,79.23453278342178,1874300,2023-05-05
76.37750244140625,76.37750244140625,77.96473235145984,75.37981645332721,77.52030991418134,1566300,2023-05-08
74.11004638671875,74.11004638671875,75.5158816498739,73.84701883142893,75.5158816498739,1700100,2023-05-09
73.60213470458984,73.60213470458984,75.61565073438854,72.18722762107542,75.37983173384035,1618500,2023-05-10
72.96723175048828,72.96723175048828,73.31189185492975,72.0148978508385,73.14863362645063,1269500,2023-05-11
71.46163940429688,71.46163940429688,73.3844579098429,70.01045889057087,73.34817753202793,1797000,2023-05-12
71.73372650146484,71.73372650146484,72.11466698018764,71.16232616304167,71.57047519315022,1429100,2023-05-15
71.42535400390625,71.42535400390625,71.58861223270614,69.19416282349044,70.16464037253034,2080500,2023-05-16
74.16444396972656,74.16444396972656,74.31863726828496,71.54324785128084,71.60673676723799,1481700,2023-05-17
75.40704345703125,75.40704345703125,75.71542322759723,73.48422483285357,74.11004927916764,1457500,2023-05-18
74.01934051513672,74.01934051513672,75.96029557382937,73.36630761318894,75.96029557382937,1253300,2023-05-19
74.14631652832031,74.14631652832031,74.43655259757294,73.23932794693414,74.00119503380714,1169600,2023-05-22
73.76538848876953,73.76538848876953,75.58843069114204,72.89468021604515,73.47515239786141,1409700,2023-05-23
71.91513061523438,71.91513061523438,73.60213005139725,71.57047742066452,73.60213005139725,1094500,2023-05-24
70.34603118896484,70.34603118896484,72.95816269603,69.7837027049067,72.34141019239225,1237200,2023-05-25
71.38002014160156,71.38002014160156,71.67025629849597,69.30302175244287,70.53652022941223,1253300,2023-05-26
70.27347564697266,70.27347564697266,72.15094166195642,70.09207378575837,71.87884233002171,939000,2023-05-30
67.9969253540039,67.9969253540039,70.57276923620816,67.87901242658866,69.99229718050655,3065700,2023-05-31
69.05811309814453,69.05811309814453,69.55695960795656,66.99925197172061,68.54112986060026,2155700,2023-06-01
73.99868774414062,73.99868774414062,74.14534321265116,70.16721834625723,70.23138142496516,1947500,2023-06-02
72.68791961669922,72.68791961669922,74.60365076375398,72.01878439240325,74.09034614889737,1360700,2023-06-05
75.10780334472656,75.10780334472656,75.19029574217149,71.96379821026598,72.3854423370163,1354200,2023-06-06
79.66340637207031,79.66340637207031,80.35087101666221,75.65777652534412,75.80443201303268,2450400,2023-06-07
79.13177490234375,79.13177490234375,79.87423457011398,78.0684927671763,79.22343546734888,1569300,2023-06-08
77.54601287841797,77.54601287841797,79.23259649445765,77.11520056906946,79.12259963039456,1177800,2023-06-09
78.19680786132812,78.19680786132812,79.51674218852287,77.22519342228303,77.9034898989795,1111800,2023-06-12
81.5424575805664,81.5424575805664,82.3124214809124,79.021754335801,79.07674925966474,2325700,2023-06-13
81.66162872314453,81.66162872314453,83.3482122566725,81.02916601716693,82.07411169826231,2964100,2023-06-14
83.85235595703125,83.85235595703125,84.44815304467723,81.359149767783,81.56996833912643,2186800,2023-06-15
83.32070922851562,83.32070922851562,84.37482299245022,82.34908785814694,84.06316874361457,2678500,2023-06-16
81.92744445800781,81.92744445800781,82.6424135080042,81.17581678383348,82.50491919095676,1687600,2023-06-20
81.19415283203125,81.19415283203125,82.5507457063659,80.94666166347938,81.34997646067416,1125500,2023-06-21
79.92921447753906,79.92921447753906,80.75417339393428,79.18675494940913,80.66251284616848,989200,2023-06-22
80.48836517333984,80.48836517333984,80.836685098472,78.9301146441518,79.19593516844907,1390800,2023-06-23
82.04661560058594,82.04661560058594,82.45909158933267,80.25920333176214,80.47919705279558,1024600,2023-06-26
84.97979736328125,84.97979736328125,85.24561787110183,81.73496332770712,82.28493365725734,1735000,2023-06-27
84.43899536132812,84.43899536132812,85.69475966762619,83.8248549487001,85.45644362005632,1088600,2023-06-28
86.72137451171875,86.72137451171875,87.03302179594463,84.09984208983961,84.19150264442062,2119400,2023-06-29
85.89641571044922,85.89641571044922,87.65632353772774,85.82308446933293,87.33550809940907,1652600,2023-06-30
84.77812957763672,84.77812957763672,85.97890579279274,84.37482178168283,85.36476545652539,947200,2023-07-03
82.95408630371094,82.95408630371094,84.2556846535209,82.76159699788724,83.93486914381472,1862900,2023-07-05
81.89079284667969,81.89079284667969,82.22994462096962,80.58003351396404,82.04662349571988,1429600,2023-07-06
82.66075134277344,82.66075134277344,83.81569393449942,81.24915639583105,81.83579234868344,1414500,2023-07-07
85.85975646972656,85.85975646972656,85.85975646972656,82.37660617691108,82.48659605350629,1377900,2023-07-10
89.11375427246094,89.11375427246094,89.41624040404727,86.08890694310199,86.42805869608536,2198100,2023-07-11
88.06880187988281,88.06880187988281,90.8828234217453,88.05046557394465,90.62617108462456,1708600,2023-07-12
88.64627838134766,88.64627838134766,89.58123426535876,87.6379982461072,88.0688105658719,1263900,2023-07-13
88.30711364746094,88.30711364746094,88.95791960506165,87.36299674152805,88.69209912780605,972700,2023-07-14
89.1229248046875,89.1229248046875,89.40707463653277,87.41801182711107,87.94048470777145,1110900,2023-07-17
90.60784149169922,90.60784149169922,91.22197491434584,89.13208345066631,89.18708537930414,1581600,2023-07-18
90.80950164794922,90.80950164794922,90.98366160625288,89.39790665342808,90.4795180391909,972100,2023-07-19
89.45289611816406,89.45289611816406,90.745333005611,88.12380060376653,90.745333005611,1046700,2023-07-20
89.03124237060547,89.03124237060547,89.87453755778282,88.5271058820252,89.80120632528892,892700,2023-07-21
88.3896255493164,88.3896255493164,89.55372932795659,87.92214760979448,88.91209842528127,1332000,2023-07-24
88.30711364746094,88.30711364746094,88.61876789409733,87.59215160192929,88.20629194267565,1782500,2023-07-25
89.04959106445312,89.04959106445312,89.10458599984915,87.73882482258101,87.85798284702312,1802400,2023-07-26
90.1495361328125,90.1495361328125,92.11110151455546,89.39790834161428,89.95704685627726,1968600,2023-07-27
90.76366424560547,90.76366424560547,91.4602970577375,89.33373999361265,91.4602970577375,1568800,2023-07-28
90.9928207397461,90.9928207397461,92.18442896629864,90.33286053018479,91.10281760463245,5472100,2023-07-31
95.31010437011719,95.31010437011719,95.52092295146673,88.04131102196843,91.65278731189987,3599000,2023-08-01
92.8077163696289,92.8077163696289,95.23675923375585,92.60605897810309,94.06348749387975,1722400,2023-08-02
90.87367248535156,90.87367248535156,92.66107802411433,89.86539225853018,92.48692504421759,1301600,2023-08-03
90.2411880493164,90.2411880493164,91.59778800245687,89.92954077237646,91.40529874436127,1022100,2023-08-04
90.51618957519531,90.51618957519531,91.31365118066932,90.02121412972035,90.3328684442429,981900,2023-08-07
89.26958465576172,89.26958465576172,89.72789446793556,86.74888068880556,89.00376412551056,1839500,2023-08-08
88.88460540771484,88.88460540771484,90.24119852508532,88.55462178602954,88.93043219262782,694800,2023-08-09
87.3721694946289,87.3721694946289,89.99370179511577,87.05135407182493,89.11374792403127,1188500,2023-08-10
86.43721771240234,86.43721771240234,87.1521797709347,85.15394907217046,85.84141366587488,1288300,2023-08-11
86.19889831542969,86.19889831542969,86.43722134270035,85.2639425125034,85.94224597525441,922600,2023-08-14
85.26395416259766,85.26395416259766,86.01558197291803,84.96147500220552,85.54811100083347,737600,2023-08-15
83.80653381347656,83.80653381347656,85.53894437048555,83.60487637412054,85.10813202154365,909700,2023-08-16
82.02828216552734,82.02828216552734,84.54898594628501,81.94578976219088,84.31066989670045,1718000,2023-08-17
82.23910522460938,82.23910522460938,83.33904586162451,81.58830619849601,81.78079546031107,1625700,2023-08-18
82.17493438720703,82.17493438720703,83.82484518712239,81.39580926003161,83.2840430730158,1590100,2023-08-21
82.00078582763672,82.00078582763672,83.16489659682998,81.41414986276459,82.50492938803573,1403200,2023-08-22
83.63236999511719,83.63236999511719,83.87069304822832,81.96412260984428,82.33994000102925,811400,2023-08-23
81.9549560546875,81.9549560546875,83.57736955606313,81.89995412712672,83.1740547224604,798000,2023-08-24
81.78080749511719,81.78080749511719,82.95407954545843,80.57086981904615,82.62409590714333,973000,2023-08-25
83.34822082519531,83.34822082519531,83.65986813362112,82.37660628333535,82.37660628333535,748100,2023-08-28
85.5572738647461,85.5572738647461,85.74060198874905,83.15573488295686,83.37572163850753,836700,2023-08-29
87.09718322753906,87.09718322753906,87.15218515384359,85.58476662257692,85.70392464194155,1336100,2023-08-30
86.51054382324219,86.51054382324219,88.11462790987518,86.46471704528936,87.17967911926839,1321900,2023-08-31
87.32416534423828,87.32416534423828,88.06381172883137,86.87113563691514,87.37964340804672,812200,2023-09-01
85.65072631835938,85.65072631835938,87.86041095752722,85.57676026717438,87.39813371830732,1113500,2023-09-05
86.63074493408203,86.63074493408203,86.85264307002925,85.34561487532996,85.53977045394103,967600,2023-09-06
85.32711791992188,85.32711791992188,85.6414629987792,83.98650994123435,85.15145034421361,983300,2023-09-07
84.12520599365234,84.12520599365234,85.51203764496645,83.50575621564178,84.93881841018256,1199400,2023-09-08
84.08821868896484,84.08821868896484,85.20693570474091,83.9310461360605,84.44879433564665,1207300,2023-09-11
82.56271362304688,82.56271362304688,83.87557922395767,82.27609695246623,83.44103751218525,1092400,2023-09-12
80.71360778808594,80.71360778808594,82.70139424904097,79.88150735705386,82.49799819149162,1630800,2023-09-13
81.00020599365234,81.00020599365234,82.1928819343185,80.24207171979359,81.56418470328029,1333800,2023-09-14
81.33305358886719,81.33305358886719,81.75834777630708,80.0571639727571,80.63039025345805,2292600,2023-09-15
80.48246002197266,80.48246002197266,81.50871592794739,80.36226344050445,81.22209927919165,1241900,2023-09-18
80.75982666015625,80.75982666015625,80.88002324841403,79.29902899298159,80.27906146849632,1177700,2023-09-19
79.6133804321289,79.6133804321289,82.31307760362581,79.5856449285668,81.5549432731701,796800,2023-09-20
78.03240203857422,78.03240203857422,79.06789857513314,77.93994799835161,78.9292210416948,1201100,2023-09-21
77.38519287109375,77.38519287109375,78.35597771742727,77.30198636907123,78.10635115757015,1333400,2023-09-22
77.3667221069336,77.3667221069336,78.35599515595447,76.74727227471675,76.91369236958901,1275500,2023-09-25
75.9244155883789,75.9244155883789,77.04312565022049,75.74874798192921,77.04312565022049,1189600,2023-09-26
76.64555358886719,76.64555358886719,77.31123381962357,75.82270081856822,76.52535701433143,1058300,2023-09-27
77.440673828125,77.440673828125,77.81049697648118,76.1000657970576,76.488383982416,2198400,2023-09-28
77.27426147460938,77.27426147460938,78.3559884721111,76.46064905628421,77.66257264492427,2305500,2023-09-29
74.63003540039062,74.63003540039062,77.20954313012446,74.0845446137333,76.83971994398584,1840500,2023-10-02
72.49431610107422,72.49431610107422,74.26021139096743,72.25392997468057,73.96435425609467,1879500,2023-10-03
72.6884765625,72.6884765625,72.97508619726312,71.12597721677126,72.49432096600327,2145000,2023-10-04
71.63446807861328,71.63446807861328,72.63298133122001,70.88557432192161,72.28165324732036,1751500,2023-10-05
72.28166198730469,72.28166198730469,72.98432529385629,70.50651926381762,71.08898598608334,1812100,2023-10-06
72.96583557128906,72.96583557128906,73.14150317417109,71.07050317924,71.38484830672292,1111900,2023-10-09
75.452880859375,75.452880859375,76.68253983438781,73.32640303873313,73.51131814049627,1813400,2023-10-10
77.72728729248047,77.72728729248047,77.77351783350092,75.6377923958221,75.6377923958221,1838300,2023-10-11
76.55310821533203,76.55310821533203,77.58860464343124,75.35118465695645,77.58860464343124,2013500,2023-10-12
75.30494689941406,75.30494689941406,77.05235400819323,74.33416909108658,76.73800892372235,1174700,2023-10-13
76.10006713867188,76.10006713867188,76.73801190448825,75.26797385743832,76.18328069906921,795900,2023-10-16
77.48690032958984,77.48690032958984,78.1525806117877,75.27721592572149,75.27721592572149,967000,2023-10-17
73.48358917236328,73.48358917236328,76.49763153429777,73.34490459715747,76.47914354937257,1485700,2023-10-18
72.91036224365234,72.91036224365234,74.95362666870855,72.69771162303996,73.50207650910797,1188500,2023-10-19
72.04127502441406,72.04127502441406,73.03054792100394,71.82863146882572,72.90111087313537,1361000,2023-10-20
72.20771026611328,72.20771026611328,73.11377684536843,71.19994917398458,71.56052489078215,1293800,2023-10-23
73.38189697265625,73.38189697265625,73.89964526203042,72.13374269052846,73.09528026636006,1377200,2023-10-24
71.42181396484375,71.42181396484375,73.01204836231123,71.19992292564496,72.8641163003194,1568900,2023-10-25
71.40335083007812,71.40335083007812,72.5682844815733,70.79314144271181,71.79166204724318,2061700,2023-10-26
75.84119415283203,75.84119415283203,78.26352915150852,75.16627341009271,75.9151601956443,4369000,2023-10-27
77.88446807861328,77.88446807861328,78.10636623441877,74.65777489119463,76.88595459265242,2767000,2023-10-30
78.63335418701172,78.63335418701172,78.75354371910537,76.90443492744174,77.53313219875898,2099300,2023-10-31
78.56864166259766,78.56864166259766,78.97544083125797,76.55311264358481,78.97544083125797,1658400,2023-11-01
79.99243927001953,79.99243927001953,80.56566550646764,78.91071237327107,79.65035867489509,1320800,2023-11-02
82.16514587402344,82.16514587402344,84.0604780188853,81.33304556598638,81.36078106728934,1598700,2023-11-03
80.14036560058594,80.14036560058594,82.05419268586813,79.47468538765484,82.05419268586813,1083600,2023-11-06
79.2620620727539,79.2620620727539,80.14963356515726,78.67958821095178,79.73357979904272,1208500,2023-11-07
79.18807983398438,79.18807983398438,79.53016042191263,78.52239958728434,79.18807983398438,813200,2023-11-08
77.89370727539062,77.89370727539062,80.14962224182548,77.16330846160572,80.03867317577796,1270800,2023-11-09
78.65184783935547,78.65184783935547,79.07714204563237,77.04312504973578,78.65184783935547,1098500,2023-11-10
77.74578094482422,77.74578094482422,78.57788136732668,77.52388985008714,78.39297329734423,1115200,2023-11-13
82.33157348632812,82.33157348632812,83.56122549753276,80.14962450238473,80.25132605234916,2016300,2023-11-14
83.53348541259766,83.53348541259766,84.67069038447475,82.80308661826847,82.80308661826847,1245100,2023-11-15
83.30235290527344,83.30235290527344,83.94954523989206,82.49799506392858,83.19141088786893,956500,2023-11-16
84.83711242675781,84.83711242675781,84.86484792972888,83.44103332896267,84.13444911840003,1013300,2023-11-17
84.63371276855469,84.63371276855469,85.30863354754644,83.85708338489036,84.60597726445783,1113600,2023-11-20
82.52571868896484,82.52571868896484,84.18067173033207,81.68437089120714,84.005004156341,1041300,2023-11-21
82.9695053100586,82.9695053100586,83.28385745671154,82.01721545912771,82.97875282861041,1114400,2023-11-22
84.51351928710938,84.51351928710938,84.71691532558701,82.61817998602167,82.8678065650293,643800,2023-11-24
83.60746002197266,83.60746002197266,84.8463596113976,83.59821250231987,83.9218051522599,1525700,2023-11-27
83.57972717285156,83.57972717285156,83.91256735302159,82.47950507430117,83.48727313475788,1178500,2023-11-28
84.55974578857422,84.55974578857422,85.34561562907106,84.16218710872894,84.80013191107821,1066100,2023-11-29
84.79295349121094,84.79295349121094,85.3526415204401,83.36574652578977,84.97018364509486,1162100,2023-11-30
87.47945404052734,87.47945404052734,87.52609767163281,84.55974350052463,84.83958393670079,1196900,2023-12-01
87.80595397949219,87.80595397949219,88.28169205884998,86.16420319673857,86.65859446181892,1373700,2023-12-04
85.22205352783203,85.22205352783203,87.23693198985201,85.1754098902993,87.23693198985201,1398800,2023-12-05
86.4813461303711,86.4813461303711,87.89923003614662,86.11754856225669,86.15486204575807,1058000,2023-12-06
86.89179229736328,86.89179229736328,87.5167771688819,86.05225666265636,86.6212748641344,1157900,2023-12-07
86.61194610595703,86.61194610595703,87.4328285694541,85.73510408833944,86.0709112308012,1636300,2023-12-08
86.63059997558594,86.63059997558594,87.22760147735765,86.2668024078444,86.55597300865965,848100,2023-12-11
86.37873840332031,86.37873840332031,86.70522249765986,85.83770355166078,86.46269552290448,1213200,2023-12-12
90.0353775024414,90.0353775024414,91.154760727782,85.83770642025856,86.30411431827886,2300300,2023-12-13
94.67146301269531,94.67146301269531,96.01471989257794,89.41971320525138,89.55030683337121,2858000,2023-12-14
92.00361633300781,92.00361633300781,94.9793009005173,91.21072435618107,94.62483347189885,2939600,2023-12-15
90.74431610107422,90.74431610107422,91.82638580002306,90.56707882908307,91.82638580002306,1013700,2023-12-18
90.57640838623047,90.57640838623047,91.835708232104,90.12866080925382,91.4998939909618,1126600,2023-12-19
89.69023132324219,89.69023132324219,92.13420391187563,89.49434087950722,90.63237717657425,1262800,2023-12-20
90.40850830078125,90.40850830078125,91.35998443032955,89.50367580933981,91.05215349919216,1338100,2023-12-21
91.56519317626953,91.56519317626953,92.33010177101161,90.48312354053637,90.77229413220134,984300,2023-12-22
92.17152404785156,92.17152404785156,92.60994859887808,91.17341145763314,91.55586933978633,843500,2023-12-26
92.09690856933594,92.09690856933594,92.47002920197315,91.61184035999574,92.35809585890993,555000,2023-12-27
92.4420394897461,92.4420394897461,92.66591327725006,91.41594358713196,91.7610879770159,519000,2023-12-28
91.50922393798828,91.50922393798828,92.44203969090727,91.22938348220423,92.03160559906011,769600,2023-12-29
91.60250091552734,91.60250091552734,92.0036119600552,90.26857415040625,90.71632882769144,1281500,2024-01-02
87.77796173095703,87.77796173095703,90.45514552843075,87.59140142539083,90.10067098430771,1397700,2024-01-03
87.9831771850586,87.9831771850586,88.59883896765022,87.4328193340925,87.7779565908614,860600,2024-01-04
89.09323120117188,89.09323120117188,90.09134373456062,87.42349021226563,87.61938065898838,1125000,2024-01-05
91.26668548583984,91.26668548583984,91.26668548583984,89.53165481584038,89.55963814839889,1247000,2024-01-08
90.98684692382812,90.98684692382812,91.12677070633151,90.03537089626045,90.23126846185671,907100,2024-01-09
91.57452392578125,91.57452392578125,91.60250726064632,90.36186767510331,91.04281921288577,769100,2024-01-10
90.38050842285156,90.38050842285156,92.04091915335358,89.9700672564556,91.31332407970157,1041600,2024-01-11
89.08390808105469,89.08390808105469,91.82638878522548,88.73876367617247,91.21072694681176,1014300,2024-01-12
87.96452331542969,87.96452331542969,88.33764390179931,86.68656324497483,88.33764390179931,1645800,2024-01-16
86.62126159667969,86.62126159667969,87.18094956181909,85.68844594917448,86.33209102333502,1316600,2024-01-17
88.13243103027344,88.13243103027344,88.19772784501771,86.55597020982302,87.21826850703462,1172300,2024-01-18
88.52421569824219,88.52421569824219,88.94397993711713,86.75186435788919,88.35630857932834,998600,2024-01-19
89.66226196289062,89.66226196289062,90.2406032344732,88.95331992498087,89.22383737519407,825400,2024-01-22
87.9738540649414,87.9738540649414,90.31522366892472,87.5634199605698,90.11933320885242,898700,2024-01-23
86.64925384521484,86.64925384521484,89.08390350511915,86.5559736942278,88.9812932039876,1573900,2024-01-24
88.66414642333984,88.66414642333984,88.72011309508527,86.80783781982439,87.47013619715155,1246400,2024-01-25
88.32833099365234,88.32833099365234,89.5596475735426,87.99251673397137,88.67346828728792,1221000,2024-01-26
89.97940826416016,89.97940826416016,89.97940826416016,87.63803869020843,88.15109021011682,1287200,2024-01-29
88.88801574707031,88.88801574707031,90.24992591985286,88.67346498815999,89.41039030188566,1185700,2024-01-30
87.0317153930664,87.0317153930664,89.45703500529176,86.65858765653489,88.79473665343765,2878100,2024-01-31
85.6884536743164,85.6884536743164,85.80039412416359,82.47956528022296,84.96085854235784,4214900,2024-02-01
84.54108428955078,84.54108428955078,84.87689851073982,82.28367200463924,84.12132007147399,1957000,2024-02-02
82.35830688476562,82.35830688476562,83.84148057356123,82.20905294241605,83.78551390358997,1869500,2024-02-05
83.33775329589844,83.33775329589844,83.87878812339937,81.68667259720944,82.16241060875814,1964000,2024-02-06
83.66423034667969,83.66423034667969,84.04668102778751,82.36761727998628,84.04668102778751,1896500,2024-02-07
83.2724609375,83.2724609375,83.63626563650162,82.63814592708674,83.5336553321098,1061700,2024-02-08
82.96463012695312,82.96463012695312,83.44036100692804,82.61015560836128,83.2351475323136,806300,2024-02-09
84.88623046875,84.88623046875,85.06346773282512,82.86202206560871,82.9646323640923,1187500,2024-02-12
81.25758361816406,81.25758361816406,82.15308591793821,80.37141146895141,81.91988197163808,1711800,2024-02-13
82.69412231445312,82.69412231445312,83.40306431705807,81.52810256133569,82.39562154232786,1558800,2024-02-14
83.6082763671875,83.6082763671875,83.99073425565845,82.82471452273919,83.37507242060364,923900,2024-02-15
82.41427612304688,82.41427612304688,83.19784511116148,82.14375868172279,82.5915134059054,864100,2024-02-16
82.51687622070312,82.51687622070312,82.56351985257358,81.48145022118645,81.65868748211135,817100,2024-02-20
82.7127685546875,82.7127685546875,82.74075188772173,81.87323297956488,82.61015825568256,794800,2024-02-21
82.7127685546875,82.7127685546875,83.4310406477221,82.44225114065803,83.20715974980995,753700,2024-02-22
83.15119171142578,83.15119171142578,83.78550667806988,81.95718874287668,83.02059808154192,1113000,2024-02-23
81.14563751220703,81.14563751220703,82.94597213697048,80.61393283633488,82.77806502265196,1740800,2024-02-26
82.55419921875,82.55419921875,82.62882619161728,81.09900883193744,81.72399371685619,1014300,2024-02-27
82.05980682373047,82.05980682373047,82.75941867167613,81.78928938850645,81.88256954486859,741200,2024-02-28
83.29113006591797,83.29113006591797,83.46836735898265,82.03183006206662,82.74076500068468,1259300,2024-02-29
83.55230712890625,83.55230712890625,84.02804515802214,82.64747470528523,83.29111985545264,906300,2024-03-01
83.58961486816406,83.58961486816406,85.00749159095639,82.23703495924734,83.38439427689252,1156800,2024-03-04
82.98328399658203,82.98328399658203,84.88622888269592,82.75008007108012,83.8414727343925,936200,2024-03-05
84.03736877441406,84.03736877441406,84.56908059211497,82.69411891350386,83.92543543748292,666600,2024-03-06
85.76931762695312,85.76931762695312,85.88226647473094,84.54565244585866,84.84686134224377,1016200,2024-03-07
86.10818481445312,86.10818481445312,87.79306748873073,86.09877001598933,86.40939373281074,1086700,2024-03-08
86.55999755859375,86.55999755859375,86.5976495723482,84.88452244415073,85.90110527135907,888200,2024-03-11
86.0234603881836,86.0234603881836,87.32242241748688,85.2892641463432,86.83296065005548,1290200,2024-03-12
86.71060943603516,86.71060943603516,87.23772328905942,85.91993147511113,86.06112473756767,1582000,2024-03-13
84.32917022705078,84.32917022705078,86.62589296001894,83.39730615973495,86.43764005921965,1876200,2024-03-14
82.97372436523438,82.97372436523438,84.59272498604084,82.80429390069912,83.2655184836168,2334400,2024-03-15
82.95488739013672,82.95488739013672,83.60437197665253,81.98537149984504,83.30316308664554,1608400,2024-03-18
85.33634185791016,85.33634185791016,85.55283196642904,82.90784076199706,82.90784076199706,1563700,2024-03-19
87.1153564453125,87.1153564453125,87.52010661950789,85.52459296371414,85.64695662330348,1351900,2024-03-20
90.18392181396484,90.18392181396484,90.68279844157748,87.64247186215471,87.64247186215471,1845900,2024-03-21
89.12028503417969,89.12028503417969,91.12520647202058,88.85672809565277,90.54161815996467,1018300,2024-03-22
88.88495635986328,88.88495635986328,90.08979206113189,88.61198464920285,89.29912132519458,1311600,2024-03-25
87.99073791503906,87.99073791503906,89.54384205809964,87.95308590446854,89.08261749603746,1081600,2024-03-26
91.36051177978516,91.36051177978516,91.3793413760739,88.43313433754241,88.44254913568679,1416400,2024-03-27
92.1794204711914,92.1794204711914,92.50886656952434,90.67337603496486,91.671129127455,1492900,2024-03-28
89.8544692993164,89.8544692993164,92.1417769665366,89.84505450095617,92.08530253914921,1210800,2024-04-01
88.94144439697266,88.94144439697266,89.39326144476877,88.34844125429184,89.36502422579183,1516100,2024-04-02
90.58866882324219,90.58866882324219,90.63573563534095,88.62139959737453,88.83788969769944,1048400,2024-04-03
89.3650131225586,89.3650131225586,92.24532400255353,89.27087949581338,91.68997294797148,1075200,2024-04-04
89.80741119384766,89.80741119384766,90.19333175652018,89.05438530276828,89.27087539901729,589300,2024-04-05
89.65679931640625,89.65679931640625,90.7863309234283,89.58149529423495,90.31569155693796,749300,2024-04-08
91.4828872680664,91.4828872680664,92.18884635570419,89.94859825484579,90.16509553486509,1412400,2024-04-09
87.45421600341797,87.45421600341797,89.10145388926036,86.71060489604265,88.57433288244745,1645700,2024-04-10
87.84012603759766,87.84012603759766,88.52726263308216,86.75765412046331,87.651873174351,691300,2024-04-11
86.10818481445312,86.10818481445312,87.31302048788356,85.76932388362744,86.71060265116834,906100,2024-04-12
85.49635314941406,85.49635314941406,87.70835684195774,84.89393530586312,86.9929829597208,1819100,2024-04-15
84.884521484375,84.884521484375,85.59048057616741,83.77381222603279,84.71509101508933,932900,2024-04-16
84.08444213867188,84.08444213867188,85.7599173574876,83.80205560861603,85.53401244227558,1307400,2024-04-17
84.07502746582031,84.07502746582031,85.20455922496797,83.2843566706945,84.30093238137228,984100,2024-04-18
84.07502746582031,84.07502746582031,84.55508169508256,83.538498803017,83.90559698380939,1121900,2024-04-19
84.10326385498047,84.10326385498047,84.87511222512654,83.01138412273399,84.09384905568702,1515600,2024-04-22
85.41162872314453,85.41162872314453,85.76931923149667,84.17855590259171,84.24444512549026,1095500,2024-04-23
84.96923065185547,84.96923065185547,85.75990854593965,84.53624328327555,84.94099343802871,1282500,2024-04-24
83.61380004882812,83.61380004882812,84.5550788772115,82.24894143883971,83.77381572612029,2399200,2024-04-25
84.44212341308594,84.44212341308594,85.05395609201928,83.50084457823081,83.76440150296824,1484000,2024-04-26
85.61872100830078,85.61872100830078,86.35291734233344,85.02571793420998,85.15749639511905,1118100,2024-04-29
86.03288269042969,86.03288269042969,87.06828792132475,84.96923306351918,84.96923306351918,2636300,2024-04-30
86.50352478027344,86.50352478027344,88.0189842512353,84.62096714493076,85.6375499915488,2941000,2024-05-01
79.9992904663086,79.9992904663086,80.38521825642235,78.14496991288739,79.67925909231101,7178600,2024-05-02
80.76172637939453,80.76172637939453,83.1996350987937,79.52864623038714,81.42061868696524,3145700,2024-05-03
81.90066528320312,81.90066528320312,82.48425350666382,81.47708554082787,82.05126614747505,2757300,2024-05-06
82.16422271728516,82.16422271728516,82.98313781277234,82.10774829048843,82.47484642744102,1501600,2024-05-07
80.8370132446289,80.8370132446289,81.41119383376788,80.73347201174244,81.33589699462135,1450700,2024-05-08
82.9831314086914,82.9831314086914,83.21845107736662,80.73346876928095,80.74288356681613,1318200,2024-05-09
84.56448364257812,84.56448364257812,84.68685448222848,83.24669907239965,83.41612954304937,1344300,2024-05-10
84.90335083007812,84.90335083007812,86.10819381077395,84.58331946274411,84.90335083007812,1061300,2024-05-13
86.4094009399414,86.4094009399414,86.88944798082775,85.75050143887383,85.81639067084181,1294500,2024-05-14
86.0234603881836,86.0234603881836,87.8589509927846,85.71283669159371,87.47303045754984,1528000,2024-05-15
84.51742553710938,84.51742553710938,85.67519445629054,84.13149777645737,85.67519445629054,1570400,2024-05-16
84.82804870605469,84.82804870605469,84.91276035165261,84.15974161458398,84.83745632352954,932200,2024-05-17
84.3009262084961,84.3009262084961,85.08218932841612,84.16914775229118,84.90334406011492,797100,2024-05-20
82.99254608154297,82.99254608154297,84.05619567048235,82.89841964234677,83.97147684823489,856200,2024-05-21
82.05126953125,82.05126953125,83.3972984739413,81.91949107655748,82.84194744079237,1166300,2024-05-22
80.9499740600586,80.9499740600586,82.23952855771003,80.33814142449003,82.07009809218931,1220500,2024-05-23
81.07234191894531,81.07234191894531,81.72182660068754,80.55464287845311,81.18529796227926,569600,2024-05-24
79.93340301513672,79.93340301513672,81.38297339288954,79.67926087019667,81.25119492049275,1389000,2024-05-28
78.06965637207031,78.06965637207031,79.06740947936144,78.02258956530183,79.06740947936144,1053100,2024-05-29
80.33814239501953,80.33814239501953,80.38520920654997,78.4085252058535,78.49323684894368,1097900,2024-05-30
82.05126953125,82.05126953125,82.15481077156373,80.29108280869097,80.4793356921411,1511900,2024-05-31
81.88184356689453,81.88184356689453,82.7384107508923,80.28167242540127,82.48426144473112,1720000,2024-06-03
78.87943267822266,78.87943267822266,80.67517692597214,78.83193074240015,80.18110750100793,2187600,2024-06-04
80.2096176147461,80.2096176147461,80.31413203176882,78.87944005627138,79.02196037483733,1004200,2024-06-05
79.32599639892578,79.32599639892578,80.02909466923238,78.8034315886475,79.82956188381823,1076700,2024-06-06
78.34738159179688,78.34738159179688,79.26900488341352,78.03383830207227,78.37588420924722,1123000,2024-06-07
77.9293212890625,77.9293212890625,78.43289409323995,77.25473278585159,77.615785258616,1549700,2024-06-10
79.51602935791016,79.51602935791016,79.90557716078906,76.59914348455474,77.43525156671969,1941000,2024-06-11
82.6419448852539,82.6419448852539,84.62770431846012,81.84383544758347,81.86284202286954,2173300,2024-06-12
81.60630798339844,81.60630798339844,82.52793120989146,79.81057072206282,82.09087419247017,1548200,2024-06-13
79.38301849365234,79.38301849365234,81.17875578894018,78.49940115399603,80.48516072170854,855900,2024-06-14
80.15261840820312,80.15261840820312,80.55166953105822,79.05046892730611,79.05046892730611,944100,2024-06-17
79.93408203125,79.93408203125,81.02672816588341,79.34500866652661,80.15261415773055,1155700,2024-06-18
79.86756896972656,79.86756896972656,80.5041587373116,79.1644779378613,79.59203162979244,841200,2024-06-20
80.13361358642578,80.13361358642578,80.29514049587736,78.70842476025983,79.8580834590527,1902500,2024-06-21
80.51366424560547,80.51366424560547,81.66331567917453,79.81057313104364,80.47565834091495,1051300,2024-06-24
77.78680419921875,77.78680419921875,80.24762661589568,77.53976945408822,80.24762661589568,1309300,2024-06-25
77.46376037597656,77.46376037597656,77.80580626623801,76.65615484298124,77.44476104824429,1164100,2024-06-26
77.38774108886719,77.38774108886719,77.61577649292852,76.72265594923253,77.34023914968435,983400,2024-06-27
75.90555572509766,75.90555572509766,78.06234552502121,74.95542984820432,77.62528124263133,3419400,2024-06-28
73.87227630615234,73.87227630615234,76.35210506817315,73.82476711958509,76.0005559346742,1807100,2024-07-01
75.43048095703125,75.43048095703125,75.63000649002142,73.94828714117057,74.10030348821277,1390800,2024-07-02
75.89604949951172,75.89604949951172,76.7131583019292,75.19295840750767,75.67752461565871,894500,2024-07-03
75.61102294921875,75.61102294921875,75.96256490263758,74.87942192664475,75.58252033125349,1175700,2024-07-05
77.23573303222656,77.23573303222656,77.33074416968334,76.13358354084956,76.23809796671756,1473800,2024-07-08
76.81766510009766,76.81766510009766,77.45424761006757,76.76065987499115,76.9696886988939,1031900,2024-07-09
78.93645477294922,78.93645477294922,78.9649573876943,76.61814545521933,76.78916839257457,935100,2024-07-10
82.59444427490234,82.59444427490234,82.70846199180801,80.17162034507543,80.79870691472863,1548200,2024-07-11
84.00062561035156,84.00062561035156,84.43768260928088,83.01249390668694,83.63957316640828,1251200,2024-07-12
82.58493041992188,82.58493041992188,84.095634167872,82.31889636339842,83.80109024910587,1880600,2024-07-15
85.54933166503906,85.54933166503906,86.07189652869506,82.95548492743083,83.20251967598517,1740500,2024-07-16
85.04576110839844,85.04576110839844,85.9958868941063,84.15264055019001,84.69421195808812,1344900,2024-07-17
83.01248931884766,83.01248931884766,87.10752897833788,82.52792315705848,84.4946831679861,1763000,2024-07-18
82.61343383789062,82.61343383789062,83.39253668910494,81.99585787875392,83.30702884819719,1389800,2024-07-19
83.37353515625,83.37353515625,83.6110665954416,81.72981440753509,83.29752335597647,961600,2024-07-22
83.69657897949219,83.69657897949219,84.18114517144652,82.77496303444032,82.95548200878828,1057000,2024-07-23
82.08137512207031,82.08137512207031,84.37118199824522,81.96735740558148,83.54456986369313,809000,2024-07-24
85.10276794433594,85.10276794433594,86.8795058067883,81.87233876209736,82.08136759872524,2631000,2024-07-25
90.67050170898438,90.67050170898438,92.10519363852248,86.48044362134725,87.08853077767465,3723800,2024-07-26
91.62063598632812,91.62063598632812,91.99118448783997,90.35696686635954,90.78452784810126,2980400,2024-07-29
100.76084899902344,100.76084899902344,100.93187194148148,97.16936720740475,98.93660186317611,4228900,2024-07-30
100.35228729248047,100.35228729248047,102.75610435125101,98.87008614940366,101.33091568410157,4772600,2024-07-31
96.43777465820312,96.43777465820312,101.5779590332431,95.7916887843307,100.22877480473434,3025000,2024-08-01
93.7109146118164,93.7109146118164,93.80593300062498,90.38547397230558,92.09570348646527,1916900,2024-08-02
90.93653869628906,90.93653869628906,92.50424770310448,87.44007549124173,88.84626485312485,1828300,2024-08-05
91.4591064453125,91.4591064453125,94.18596270019702,90.57548921055627,90.8320199727636,1177000,2024-08-06
88.42821502685547,88.42821502685547,93.2263536022438,88.39020912193314,93.2263536022438,1790100,2024-08-07
89.7298812866211,89.7298812866211,90.5944919799283,89.3973314633877,89.56835439432209,1016500,2024-08-08
90.03392028808594,90.03392028808594,90.22394254315101,88.50421721349366,89.73937636918538,828600,2024-08-09
88.36170196533203,88.36170196533203,90.166942487519,88.22868492938102,89.72038218873286,1064800,2024-08-12
92.03868865966797,92.03868865966797,92.39023056563349,88.59923066139139,89.11229946216532,1485800,2024-08-13
90.64200592041016,90.64200592041016,92.49474839525595,90.42347378930496,92.0481880939124,891900,2024-08-14
91.96268463134766,91.96268463134766,92.59926723008192,90.7940266115187,92.22871871745241,929600,2024-08-15
92.46624755859375,92.46624755859375,92.8652986764075,91.28809353266912,91.78215578583591,915600,2024-08-16
92.49474334716797,92.49474334716797,93.34035471249892,92.17170406103453,92.92230429802534,794000,2024-08-19
92.12420654296875,92.12420654296875,92.74178982874359,91.50662325719392,92.08620063704112,590000,2024-08-20
93.72991180419922,93.72991180419922,93.78691703266831,92.0481850755149,92.42823684603961,694000,2024-08-21
93.32136535644531,93.32136535644531,94.0814617132565,92.82729583807708,93.78692500926962,564100,2024-08-22
95.39263916015625,95.39263916015625,95.5541588189374,92.83679824050384,93.72991888133987,1482500,2024-08-23
95.8201904296875,95.8201904296875,97.40689885791451,95.45914521663664,95.96271075682611,981500,2024-08-26
94.81306457519531,94.81306457519531,95.25012161999439,93.91044061949009,95.18361309684856,813900,2024-08-27
95.18360137939453,95.18360137939453,96.20973896636771,94.60402407094955,94.81305290335717,870300,2024-08-28
96.81783294677734,96.81783294677734,97.80596477598493,95.25962701388073,96.55179884831483,1092100,2024-08-29
97.2548828125,97.2548828125,97.72044245039689,95.5636599553813,97.3878998518991,1179100,2024-08-30
95.72239685058594,95.72239685058594,97.87744375525348,95.07109349376725,96.8047066653687,957400,2024-09-03
95.66492462158203,95.66492462158203,96.75681447619088,95.01362126028695,95.54999346262761,991200,2024-09-04
94.20907592773438,94.20907592773438,95.77028509870189,93.8834205864276,95.4733698551705,1019400,2024-09-05
93.0788803100586,93.0788803100586,96.0193221010558,92.73407218475263,94.20908309691164,1169800,2024-09-06
92.13066101074219,92.13066101074219,93.8068087670229,91.7188072697591,93.47157336982731,1085100,2024-09-09
92.56165313720703,92.56165313720703,92.82026284303213,91.05790967595236,92.43714195389103,948800,2024-09-10
93.53861999511719,93.53861999511719,93.63439839896886,90.17674467572996,92.08276194984617,1233800,2024-09-11
93.70144653320312,93.70144653320312,94.39106275136555,92.40841977786059,93.60566812677479,966000,2024-09-12
97.07289123535156,97.07289123535156,97.69546181625361,94.11329692906963,94.11329692906963,1348400,2024-09-13
98.26056671142578,98.26056671142578,98.74904610238892,97.1112111758441,97.69546897686833,816900,2024-09-16
98.65326690673828,98.65326690673828,100.07081220959691,97.66673540685878,99.12258622749738,1011900,2024-09-17
100.44435119628906,100.44435119628906,102.75264223807187,98.77777621525104,98.80651631417162,2011900,2024-09-18
103.46141052246094,103.46141052246094,103.79664590745038,101.325523551527,103.12618244489552,1691000,2024-09-19
102.41741943359375,102.41741943359375,102.64728908483006,101.20101825056773,102.56109070590063,2326100,2024-09-20
102.9920883178711,102.9920883178711,103.75833016569551,102.07260248493607,103.05913393149893,1126200,2024-09-23
102.800537109375,102.800537109375,103.75833581761681,101.90020398525195,103.43268045695399,1076800,2024-09-24
101.1243896484375,101.1243896484375,103.01125427805796,100.90409272966855,103.01125427805796,929700,2024-09-25
103.7487564086914,103.7487564086914,103.89242767727697,102.5419279829667,103.01125461417448,834200,2024-09-26
105.08966827392578,105.08966827392578,106.20071089989024,104.13186963097338,104.40963211432043,974100,2024-09-27
105.48236083984375,105.48236083984375,105.8367489647875,103.49014523650149,104.53414223908852,1035800,2024-09-30
104.74486541748047,104.74486541748047,105.95169381404786,103.68170828602751,105.66435128381902,1008900,2024-10-01
104.6395034790039,104.6395034790039,105.11840280842726,102.86757742162224,103.22195824864427,1049600,2024-10-02
102.74305725097656,102.74305725097656,103.94030555509518,102.17795955899597,103.79664160453993,928500,2024-10-03
102.84841918945312,102.84841918945312,104.67781816802092,101.94809340313807,104.67781816802092,755800,2024-10-04
101.82357788085938,101.82357788085938,102.46530856616283,101.2105872949114,101.71821943882856,686800,2024-10-07
102.04386901855469,102.04386901855469,102.81010355388014,100.83704067382297,101.43087846732482,802200,2024-10-08
102.11091613769531,102.11091613769531,102.71432666524852,101.66074959649775,102.21627457531277,698700,2024-10-09
102.34078979492188,102.34078979492188,102.58023947029952,101.1052285930823,101.81400489354556,734300,2024-10-10
103.40393829345703,103.40393829345703,103.49971669411603,101.52665387233117,101.90977478239071,732200,2024-10-11
104.25638580322266,104.25638580322266,104.45752265095821,101.90978193888377,102.95377900200033,737700,2024-10-14
102.55150604248047,102.55150604248047,105.2716581377624,102.36952195194627,104.81191154862175,1421300,2024-10-15
101.87147521972656,101.87147521972656,103.90201119213013,101.63202553320171,103.30817333887568,1488700,2024-10-16
100.71253967285156,100.71253967285156,102.66644999293023,100.13786188634008,102.66644999293023,1404800,2024-10-17
101.90978240966797,101.90978240966797,101.9289351682638,100.40603875376335,101.41172299708701,1476200,2024-10-18
101.22016143798828,101.22016143798828,102.04386886006606,101.04775738900867,101.6703279718475,1290200,2024-10-21
100.40604400634766,100.40604400634766,100.85621058485263,99.08427706394168,100.5688680389145,1635900,2024-10-22
98.9310302734375,98.9310302734375,100.57844523449353,97.96365152399426,99.96545464071792,1412300,2024-10-23
98.54790496826172,98.54790496826172,99.48655088390535,98.10731845517968,99.13216274390668,964500,2024-10-24
97.67631530761719,97.67631530761719,99.17047895143469,97.51348397386398,98.68199956502349,933100,2024-10-25
98.57664489746094,98.57664489746094,99.94629739254918,98.3276224855718,99.02681147595787,1621900,2024-10-28
89.92771911621094,89.92771911621094,91.1058147293047,85.493113777827,90.75142658058645,6716600,2024-10-29
89.90856170654297,89.90856170654297,91.94867019584063,89.27641109138317,89.46797520541209,2509200,2024-10-30
89.01780700683594,89.01780700683594,90.06180400592874,88.84540296114623,89.65953033512731,2113900,2024-10-31
89.43923950195312,89.43923950195312,90.53112942958016,89.21894989427659,89.45839956800926,1016000,2024-11-01
90.43534851074219,90.43534851074219,91.75711534980067,89.52544269879016,89.56375552241457,1314000,2024-11-04
92.61913299560547,92.61913299560547,92.66702585441726,89.62122564256426,89.85109528852742,1332200,2024-11-05
88.14620971679688,88.14620971679688,91.38357387192073,86.18272684365837,89.5541749194781,5744100,2024-11-06
88.0025405883789,88.0025405883789,89.97561084945214,87.64815975151417,88.79751525108333,2819800,2024-11-07
86.36470794677734,86.36470794677734,88.98908167412625,86.12525826922229,88.78793751444667,1944100,2024-11-08
86.39344024658203,86.39344024658203,87.45659739346202,85.99116654436371,87.45659739346202,1412000,2024-11-11
83.78823852539062,83.78823852539062,86.68078755791271,83.72119290465939,86.68078755791271,1941400,2024-11-12
82.50477600097656,82.50477600097656,84.56404458179007,82.10250231749407,84.56404458179007,2170400,2024-11-13
82.19828033447266,82.19828033447266,83.25185739418862,81.52782419849628,82.6292868065398,1659800,2024-11-14
81.8438949584961,81.8438949584961,82.98367773547852,81.69065096829185,82.22701589514283,1524900,2024-11-15
82.92621612548828,82.92621612548828,83.4913138708618,81.15428992945807,81.42247240573191,1579400,2024-11-18
82.6676025390625,82.6676025390625,82.79212104542887,81.33626294546573,82.09292478693982,1416600,2024-11-19
81.8151626586914,81.8151626586914,83.35721914007861,81.49908733600168,82.89747985927912,1631700,2024-11-20
83.97020721435547,83.97020721435547,84.69813624589993,81.65233619862776,81.81516021791074,1692800,2024-11-21
85.48352813720703,85.48352813720703,86.10609871117562,84.15218861972005,84.69813354913971,2350500,2024-11-22
88.61553192138672,88.61553192138672,89.67868905593402,86.28808080351618,86.28808080351618,1862000,2024-11-25
85.76129150390625,85.76129150390625,86.57541889023213,84.9375840850569,86.13483239066076,1289800,2024-11-26
85.9815902709961,85.9815902709961,87.50449407802135,85.81876623784844,86.67120653776794,892600,2024-11-27
86.46490478515625,86.46490478515625,87.13188072068633,85.8559315667087,86.7548962462013,524000,2024-11-29
86.09758758544922,86.09758758544922,86.46490370670756,84.86030446669577,86.3585739973032,1160500,2024-12-02
85.29528045654297,85.29528045654297,86.48423652898205,84.59930688972875,86.38757517243313,1577900,2024-12-03
83.1590347290039,83.1590347290039,85.37261450775449,82.90770929621071,84.94729567914892,2316300,2024-12-04
82.09574890136719,82.09574890136719,83.1977046685166,81.53510266901698,82.9560475726542,2600300,2024-12-05
81.64141845703125,81.64141845703125,83.37168385327968,81.03244533424403,82.79170839708404,1956300,2024-12-06
82.93670654296875,82.93670654296875,83.24602728701892,80.81978832209494,81.77674822168946,2733900,2024-12-09
81.1001205444336,81.1001205444336,82.63705609059522,80.20115587835011,82.18273958330293,1810000,2024-12-10
81.00346374511719,81.00346374511719,82.1924125600811,80.97445869798068,81.92175778512312,1428500,2024-12-11
79.9498291015625,79.9498291015625,81.26444423370123,79.87249706442752,80.7037980266561,1200000,2024-12-12
80.03682708740234,80.03682708740234,80.36547717318908,79.20552615009751,79.8531653484105,1223000,2024-12-13
80.02716064453125,80.02716064453125,81.34177576855225,79.63083948775349,80.01749229625185,1552000,2024-12-16
79.46651458740234,79.46651458740234,80.9067887425544,79.40851924719684,79.42784856900236,1346900,2024-12-17
76.4312973022461,76.4312973022461,80.59746280173069,76.39263128632561,79.84349392825249,1662800,2024-12-18
76.77928924560547,76.77928924560547,78.52888417889486,76.1993137172853,77.77491525459973,2443200,2024-12-19
79.2635269165039,79.2635269165039,79.94016383050958,76.95328568538406,77.04027869941797,4890900,2024-12-20
78.63520812988281,78.63520812988281,79.04119023250928,77.79424625655489,78.67387414557892,1562100,2024-12-23
78.41289520263672,78.41289520263672,78.49988821512076,77.83291228691998,78.49988821512076,454300,2024-12-24
78.20989990234375,78.20989990234375,78.5095523177464,77.57192167947379,77.74591506982117,927800,2024-12-26
77.89090728759766,77.89090728759766,78.7512058526246,77.34959044487007,77.55258887013566,870200,2024-12-27
77.16594696044922,77.16594696044922,77.56226076965372,76.26698225324212,77.36893803952314,802000,2024-12-30
77.610595703125,77.610595703125,78.25823496603343,77.35927025229878,77.65892269861384,1051200,2024-12-31
77.21426391601562,77.21426391601562,78.78020437570815,77.08860489524815,78.20022888593671,1189000,2025-01-02
78.06490325927734,78.06490325927734,78.39355334005828,76.7309514907724,77.21426563883044,765800,2025-01-03
79.89183044433594,79.89183044433594,80.62647001704116,78.66420837384798,78.66420837384798,1839500,2025-01-06
78.92520904541016,78.92520904541016,80.42347861605649,78.20990610603843,79.92083510117645,1280000,2025-01-07
78.83820343017578,78.83820343017578,78.96386983165802,76.8566197987749,77.49459065517298,1305100,2025-01-08
77.4172592163086,77.4172592163086,78.06490580062946,76.80828602485462,77.05961145496737,1605800,2025-01-10
78.19055938720703,78.19055938720703,78.2292254025944,77.02094007719586,77.34959014580585,1369200,2025-01-13
79.61151123046875,79.61151123046875,79.7468386090343,78.21956405117858,79.0508650193892,1014600,2025-01-14
80.60713195800781,80.60713195800781,82.62738890508518,80.44280691978872,82.16340408417348,1375200,2025-01-15
81.16778564453125,81.16778564453125,81.31278137541008,79.49551531466868,80.41381669370843,853100,2025-01-16
81.457763671875,81.457763671875,82.30840129653112,81.2934386306714,81.89275083215287,1514300,2025-01-17
83.7293472290039,83.7293472290039,83.7970109160048,82.02807933111013,82.26973640965458,1695500,2025-01-21
83.42002868652344,83.42002868652344,83.8936745081519,83.02370752725035,83.32335995269851,1748700,2025-01-22
85.53694152832031,85.53694152832031,86.22324677908091,83.41036208581677,83.93234228529435,2159100,2025-01-23
85.21795654296875,85.21795654296875,87.76985472712477,85.0632924713041,85.71093167812494,2834700,2025-01-24
87.3832015991211,87.3832015991211,87.91484275022445,85.25661487034117,85.43060826292509,2010400,2025-01-27
85.87525939941406,85.87525939941406,88.02117552450947,85.28562288848633,87.86651882281392,1759700,2025-01-28
85.44026947021484,85.44026947021484,86.95787551071953,85.32427142659074,85.79792457363133,1955400,2025-01-29
86.9192123413086,86.9192123413086,87.09320572504598,85.15028083577661,85.94292309763792,1483700,2025-01-30
85.1309585571289,85.1309585571289,87.0642152586645,84.79264010931799,86.51323739371843,2392700,2025-01-31
82.32772827148438,82.32772827148438,83.23636120836805,80.05615330406366,82.60805135573122,2455000,2025-02-03
83.76801300048828,83.76801300048828,84.2223221119948,82.35672917612004,82.44372955903066,4050600,2025-02-04
82.76272583007812,82.76272583007812,82.80139185085064,79.35052140110072,80.23015678039918,4810100,2025-02-05
83.04303741455078,83.04303741455078,84.33831574395785,82.61771861992118,83.90333597656912,2406900,2025-02-06
83.5746841430664,83.5746841430664,83.86467559065038,81.60276147394643,83.01403794429146,3727300,2025-02-07
82.8980484008789,82.8980484008789,84.39631790115367,81.56409657346272,84.0966654760565,2088400,2025-02-10
84.37698364257812,84.37698364257812,84.96662748473372,82.11506962722306,82.11506962722306,1577900,2025-02-11
82.45339965820312,82.45339965820312,83.17837090710366,81.50610064806597,82.95604314586704,1682200,2025-02-12
83.91300201416016,83.91300201416016,84.20299345978157,82.54039157110162,83.03337407874248,867500,2025-02-13
84.19332122802734,84.19332122802734,85.65293198735971,84.03866453900831,84.19332122802734,997200,2025-02-14
84.13533020019531,84.13533020019531,84.57997834423031,83.47802264492859,84.1063325304435,993300,2025-02-18
85.34361267089844,85.34361267089844,85.46927169376558,83.83567489733842,84.24165700948326,1262400,2025-02-19
86.92888641357422,86.92888641357422,87.03521612034865,85.34361653503208,85.55627594858096,1378400,2025-02-20
85.01495361328125,85.01495361328125,87.72151572609545,84.34798512013734,87.38319730569079,1365000,2025-02-21
83.9033432006836,83.9033432006836,85.5369400870229,83.28470165056888,85.1986216416147,1213800,2025-02-24
84.8699722290039,84.8699722290039,85.9815889336254,83.6423500924655,84.28032834448497,1372900,2025-02-25
84.50264739990234,84.50264739990234,85.6432691318697,84.4446520596496,85.52727845136421,904300,2025-02-26
82.7530517578125,82.7530517578125,84.22232357160298,82.68538806983771,83.99033483780215,1332300,2025-02-27
83.64234161376953,83.64234161376953,84.28031980111813,82.4920516319195,83.13969816674593,2458400,2025-02-28
81.27410888671875,81.27410888671875,84.8602989794227,81.00345414384127,84.46397783821736,2399600,2025-03-03
79.50727844238281,79.50727844238281,81.52790518613358,79.05825110459605,79.95631322759029,3229600,2025-03-04
81.6352767944336,81.6352767944336,82.74808522174263,80.20034509942369,80.21010121993992,1888300,2025-03-05
83.07998657226562,83.07998657226562,83.4021173147898,80.84460595955126,81.47910387583259,1925500,2025-03-06
86.8479232788086,86.8479232788086,87.19933729431006,82.56263245094374,83.02142338492737,2539300,2025-03-07
84.6418228149414,84.6418228149414,88.0973888790685,84.49539907247262,86.086525654588,2134700,2025-03-10
80.88365173339844,80.88365173339844,84.67110459678636,80.8446049062599,84.20255756596558,2268300,2025-03-11
79.22420501708984,79.22420501708984,81.76218928105625,79.13634779142686,81.76218928105625,1533700,2025-03-12
77.50617980957031,77.50617980957031,80.10273052546853,77.44760584483039,78.84349827116202,1452100,2025-03-13
79.03873443603516,79.03873443603516,79.40966813427556,77.96497272224786,78.72636725661665,1146900,2025-03-14
79.60489654541016,79.60489654541016,79.95631052788582,78.8532581866737,79.06801200345554,1068700,2025-03-17
79.38038635253906,79.38038635253906,80.03440398296162,78.75565198207256,79.18515965455121,1137400,2025-03-18
80.20034790039062,80.20034790039062,80.46390466451781,78.44327798147438,79.14610594904087,1421500,2025-03-19
78.59945678710938,78.59945678710938,79.82940571392469,78.30661676948124,79.39014196377228,1963200,2025-03-20
77.66236114501953,77.66236114501953,78.19924572203351,77.00834353114503,77.89664211358252,2491100,2025-03-21
80.0441665649414,80.0441665649414,80.23939326052162,78.60922726542155,78.63851052501647,1406300,2025-03-24
78.55065155029297,78.55065155029297,79.6146495772585,77.79901322071936,79.06800893569238,1702600,2025-03-25
76.56907653808594,76.56907653808594,78.51160960793658,75.50507099754279,77.37927398294906,1686300,2025-03-26
75.85648345947266,75.85648345947266,77.17428217429651,75.44650296106889,76.51050103274828,1654200,2025-03-27
74.60701751708984,74.60701751708984,76.77406801165516,74.43131051895155,76.4519372738315,1789000,2025-03-28
75.04627990722656,75.04627990722656,75.64173097621041,72.53757903119096,73.806574821876,1776900,2025-03-31
74.32393646240234,74.32393646240234,74.98771765338526,73.65039170241968,74.96819796280681,1846800,2025-04-01
75.14390563964844,75.14390563964844,75.30008550793575,73.21112856857283,73.30874191718003,2070600,2025-04-02
63.11775588989258,63.11775588989258,69.59938033852308,63.10799232111409,69.50175954557999,6033700,2025-04-03
61.380210876464844,61.380210876464844,62.043992069511205,56.392092083297584,61.497347638852276,7517600,2025-04-04
57.8563117980957,57.8563117980957,62.453969525366745,56.90944672915538,59.29125103062005,6433100,2025-04-07
54.527645111083984,54.527645111083984,60.130734316851104,53.580780060208625,60.130734316851104,7095900,2025-04-08
62.68824768066406,62.68824768066406,63.020134542001195,52.62415693959295,53.37579160936858,7941900,2025-04-09
57.2803840637207,57.2803840637207,60.25763571307821,54.547169495846774,60.23811229971428,5025800,2025-04-10
57.60251235961914,57.60251235961914,57.97344977438583,55.0352448862274,57.04610809932432,3765500,2025-04-11
58.66651153564453,58.66651153564453,59.34005624805935,57.51465623991657,59.34005624805935,2876900,2025-04-14
57.45608901977539,57.45608901977539,59.379102345158856,57.426805762624646,58.21748349537646,2268700,2025-04-15
55.454986572265625,55.454986572265625,57.690363361690665,55.00595552174598,56.82159196564766,2177000,2025-04-16
55.8454475402832,55.8454475402832,56.79231265392885,55.376896767965604,55.39642018227598,2922600,2025-04-17
55.025482177734375,55.025482177734375,55.79664027816775,54.05909738367627,54.7912086559005,2921200,2025-04-21
56.98754119873047,56.98754119873047,57.71965245458981,55.796639030945265,55.796639030945265,2302900,2025-04-22
57.72941207885742,57.72941207885742,62.22945651012862,57.71965223391585,59.242441257106705,3335100,2025-04-23
60.4431037902832,60.4431037902832,60.53095729036194,57.729412580289356,58.48104725347184,1949400,2025-04-24
60.11121368408203,60.11121368408203,60.8823680057088,59.71098930909859,60.14049694129147,1995000,2025-04-25
59.8183708190918,59.8183708190918,61.83899764361835,59.67195079807003,60.15026141326918,2504400,2025-04-28
59.79884338378906,59.79884338378906,60.48214794040763,59.144825808373895,59.545046463524585,3119200,2025-04-29
58.58842468261719,58.58842468261719,60.78475848019277,57.03634865004869,59.818369970826915,7190800,2025-04-30
57.5341796875,57.5341796875,59.24243921921127,57.13395903187605,58.88126538943119,4396400,2025-05-01
59.92574691772461,59.92574691772461,61.23378586237452,58.520094627058775,58.79341497487174,3739200,2025-05-02
58.64699172973633,58.64699172973633,59.83789012520446,58.49080442676581,59.83789012520446,2482100,2025-05-05
57.57322692871094,57.57322692871094,58.33462141960811,57.28038318018974,57.661080425638325,2093200,2025-05-06
57.52442169189453,57.52442169189453,58.75436695582811,56.84111711250459,57.77821862061688,3348600,2025-05-07
60.37477493286133,60.37477493286133,61.55591728545266,58.1198745911271,58.61770861923282,3985100,2025-05-08
61.17521667480469,61.17521667480469,61.90732795367239,60.716429472170745,60.83356623415063,2867100,2025-05-09
70.80004119873047,70.80004119873047,71.48334953693667,68.81846116803266,68.81846116803266,7055300,2025-05-12
72.05927276611328,72.05927276611328,72.88899739562675,70.7707572086255,72.03975307547273,3642200,2025-05-13
70.1460189819336,70.1460189819336,72.40091922152523,69.61889799460944,71.41501477890884,2735700,2025-05-14
69.01368713378906,69.01368713378906,69.76532555309767,68.53537651531518,69.57985497867223,2120600,2025-05-15
69.75555419921875,69.75555419921875,69.99959126573467,69.00392331121463,69.25771649824861,2275800,2025-05-16
68.93560028076172,68.93560028076172,69.00393036847771,66.90520989231362,67.93016120805352,2064100,2025-05-19
68.85749816894531,68.85749816894531,70.63408767883081,68.232763887277,68.4963206368414,2979400,2025-05-20
64.89434814453125,64.89434814453125,68.05706683800238,64.6405474782426,67.59827590381867,2439800,2025-05-21
64.75767517089844,64.75767517089844,65.15789955189668,63.83033725736776,64.455071578626,2442700,2025-05-22
63.95723342895508,63.95723342895508,64.31841098153369,62.59063176497226,62.71752836307908,1917900,2025-05-23
65.62644958496094,65.62644958496094,65.9583364124714,64.11341683092897,65.3043188777278,2158000,2025-05-27
64.56244659423828,64.56244659423828,65.7923955113793,64.39650317414554,65.6166885232163,1544300,2025-05-28
64.94314575195312,64.94314575195312,66.95400888363942,64.03532752744437,66.47569829790658,2140100,2025-05-29
63.869388580322266,63.869388580322266,64.32817950892232,62.834673684276915,63.64487117683376,11573200,2025-05-30
62.424686431884766,62.424686431884766,63.45940500194937,61.643768512831464,63.352028089883845,2429100,2025-06-02
63.59149932861328,63.59149932861328,64.02658587844218,61.69295218343291,62.404909248914485,1801900,2025-06-03
64.88687133789062,64.88687133789062,65.63837489958676,63.39373951478003,63.77938168422191,1902200,2025-06-04
64.71876525878906,64.71876525878906,65.9547997942446,64.06614294702972,64.74843642473112,2429400,2025-06-05
65.40105438232422,65.40105438232422,66.45909957246708,64.76820534583628,65.78669652817919,1739100,2025-06-06
66.45909881591797,66.45909881591797,67.35893550877319,66.13278391339978,66.58764368168778,2122600,2025-06-09
68.39720153808594,68.39720153808594,68.99049657413278,66.52831802525274,67.39849111933343,3374300,2025-06-10
67.36882019042969,67.36882019042969,69.21793047765745,66.75575192017295,69.10915884051725,2238000,2025-06-11
66.66675567626953,66.66675567626953,67.269941122089,65.8559173375844,66.39977554091539,2087500,2025-06-12
64.53089141845703,64.53089141845703,66.05368683082567,64.05625085007158,65.08463246144348,1730200,2025-06-13
65.01541137695312,65.01541137695312,65.81635927788545,64.48144359494641,65.70758764391248,2191900,2025-06-16
63.42340087890625,63.42340087890625,65.12418553701256,63.1267533569774,64.64954497543293,2597300,2025-06-17
63.868370056152344,63.868370056152344,64.89675164924235,63.21574777339963,63.304738634802185,2191500,2025-06-18
63.82882308959961,63.82882308959961,64.86708751857535,63.6409434359087,64.17491123259153,3615200,2025-06-20
64.92642211914062,64.92642211914062,65.03518621163914,62.60267505738383,63.51239838679166,1715200,2025-06-23
65.61859893798828,65.61859893798828,66.04379509996873,65.01541350950076,65.66804333474526,1380500,2025-06-24
65.50982666015625,65.50982666015625,66.12290247083413,65.1142941224336,65.99435005818476,1402600,2025-06-25
66.83485412597656,66.83485412597656,67.0523974058981,65.80648005678437,66.24155907247156,1737300,2025-06-26
66.8941879272461,66.8941879272461,68.05111439616896,66.34043934719335,67.38860172191288,2580000,2025-06-27
66.99307250976562,66.99307250976562,67.4182686960957,66.31077902505648,66.98318212101668,2453300,2025-06-30
69.62335205078125,69.62335205078125,71.44279113815693,66.30089084898988,66.68653299346963,2871600,2025-07-01
70.760498046875,70.760498046875,71.12636696135363,68.96083218264026,69.742006863291,2237600,2025-07-02
70.3056411743164,70.3056411743164,71.25491476938086,70.10787867106977,71.12636989668616,1088700,2025-07-03
68.5257568359375,68.5257568359375,70.69128418588288,68.24887876624736,69.52446729673476,2155500,2025-07-07
70.88905334472656,70.88905334472656,72.28329634340227,69.45524879243632,69.77167332394936,2770400,2025-07-08
72.09542083740234,72.09542083740234,72.1943020843197,70.68139712843303,71.54167227518515,1642400,2025-07-09
73.02491760253906,73.02491760253906,74.43894138879088,72.01631675820876,72.20418887437309,2598500,2025-07-10
72.05587005615234,72.05587005615234,72.54039346865113,71.30435896645103,71.89765401867591,1722800,2025-07-11
70.78028106689453,70.78028106689453,71.65044663467461,70.13754162125709,71.58122900478479,1537500,2025-07-14
69.02017211914062,69.02017211914062,71.91743739894886,68.94106409753859,71.7888849778065,1704300,2025-07-15
68.73340606689453,68.73340606689453,69.51458074753603,67.46770799239131,69.01027657767266,1847000,2025-07-16
70.02877044677734,70.02877044677734,70.17709609585536,68.73340870275145,68.96083482640265,2052100,2025-07-17
69.32670593261719,69.32670593261719,70.72094897177281,68.64441245191942,70.6418484947149,1970600,2025-07-18
68.79273223876953,68.79273223876953,70.14742869594097,68.75317823153583,70.10787468870726,1556400,2025-07-21
71.98664855957031,71.98664855957031,72.27340190982274,69.07949315240197,69.49479891223872,1996900,2025-07-22
73.2622299194336,73.2622299194336,74.16206661556376,72.82715092531473,73.25234707567684,1986200,2025-07-23
71.87787628173828,71.87787628173828,73.03480269269969,71.41312613097034,72.66893378708004,1442300,2025-07-24
73.0743637084961,73.0743637084961,73.26223582905092,71.32413457046138,72.13497292909737,1782200,2025-07-25
73.1040267944336,73.1040267944336,74.09285442181987,72.28329805310553,73.02491877364523,3272000,2025-07-28
67.84346008300781,67.84346008300781,68.99049613958617,65.76692369784539,67.4578179347986,5250500,2025-07-29
67.0128402709961,67.0128402709961,68.7729596609266,66.34043722994274,67.73468770760043,3389400,2025-07-30
66.8941879272461,66.8941879272461,68.13022241391303,66.1130132263739,66.63709064165575,4017500,2025-07-31
66.23167419433594,66.23167419433594,66.4195463032804,64.67921520566316,65.98446730095394,2193400,2025-08-01
67.17105865478516,67.17105865478516,67.66547245099463,65.91525093184165,66.55798283158931,1643000,2025-08-04
68.5850830078125,68.5850830078125,68.83228990805861,66.60742780584364,67.89290670478576,1664800,2025-08-05
67.50725555419922,67.50725555419922,69.01027770023761,67.36882029655828,68.92127929509373,1251700,2025-08-06
67.97200775146484,67.97200775146484,69.20804226309978,67.26005066569817,68.50597556578985,972900,2025-08-07
68.54552459716797,68.54552459716797,68.71362346794429,67.60614145421289,68.00166643388529,946500,2025-08-08
68.07088470458984,68.07088470458984,69.46513516685589,67.24027318642278,69.17837427296807,1936500,2025-08-11
70.6319580078125,70.6319580078125,70.80005689454147,68.3873226041175,69.0597181510334,1610100,2025-08-12
75.1311264038086,75.1311264038086,75.35855253324553,70.73083893804815,71.08681748722918,2389700,2025-08-13
73.58854675292969,73.58854675292969,74.06318731114473,72.69860042137381,73.38089386625927,1728000,2025-08-14
73.2325668334961,73.2325668334961,74.16206715598084,72.90625947156802,74.16206715598084,1557600,2025-08-15
73.70720672607422,73.70720672607422,74.83446953327002,73.29190096429798,73.4995538451861,2028900,2025-08-18
75.35855102539062,75.35855102539062,76.44625988427704,73.93463685715768,73.96430802245915,2186700,2025-08-19
73.09413146972656,73.09413146972656,75.07178659094745,73.09413146972656,75.07178659094745,1840400,2025-08-20
72.31295776367188,72.31295776367188,72.9458068074377,71.8185439767201,72.45139302048592,1756300,2025-08-21
76.66380310058594,76.66380310058594,77.06922604031732,72.60961142405186,72.98536319850666,3594600,2025-08-22
75.61564636230469,75.61564636230469,76.75279958982978,75.56620196556874,76.17927778197806,2191400,2025-08-25
74.34994506835938,74.34994506835938,76.08039326153535,74.09284779586686,75.60575272340728,2674300,2025-08-26
74.893798828125,74.893798828125,75.19045011991123,73.64788150859663,73.92475202404736,1816800,2025-08-27
74.4587173461914,74.4587173461914,75.58598014683591,73.49955341802861,75.34865610363829,1742000,2025-08-28
73.45999908447266,73.45999908447266,75.25966491120417,73.02491255136543,74.29061059950776,2325500,2025-08-29
71.72000122070312,71.72000122070312,72.63999938964844,71.27999877929688,72.08000183105469,1738500,2025-09-02
72.8499984741211,72.8499984741211,73.7699966430664,72.08000183105469,72.44999694824219,1933900,2025-09-03
74.73999786376953,74.73999786376953,74.81999969482422,72.75,73.29000091552734,1630500,2025-09-04
78.41999816894531,78.41999816894531,78.43000030517578,75.61000061035156,75.61000061035156,3181100,2025-09-05
78.41999816894531,78.41999816894531,78.9800033569336,77.16000366210938,78.51000213623047,3113300,2025-09-08
76.73999786376953,76.73999786376953,78.11000061035156,76.33999633789062,77.83999633789062,2338800,2025-09-09
76.97000122070312,76.97000122070312,77.58999633789062,76.05999755859375,76.68000030517578,1677800,2025-09-10
79.5199966430664,79.5199966430664,80.05999755859375,76.61000061035156,77.33999633789062,2001000,2025-09-11
77.56999969482422,77.56999969482422,79.2699966430664,76.68000030517578,78.91999816894531,2757500,2025-09-12
78.55999755859375,78.55999755859375,78.86000061035156,77.3499984741211,77.95999908447266,1755400,2025-09-15
77.80999755859375,77.80999755859375,79.41999816894531,77.3499984741211,78.80000305175781,1753600,2025-09-16
78.18000030517578,78.18000030517578,81.44000244140625,77.5199966430664,78.29000091552734,2280000,2025-09-17
79.37000274658203,79.37000274658203,79.55000305175781,77.86000061035156,78.52999877929688,1766800,2025-09-18
76.66999816894531,76.66999816894531,79.41000366210938,76.62000274658203,79.18000030517578,5995100,2025-09-19
75.0199966430664,75.0199966430664,76.66999816894531,74.69999694824219,76.66999816894531,2351800,2025-09-22
75.2699966430664,75.2699966430664,76.76000213623047,75.06999969482422,75.62999725341797,1243300,2025-09-23
75.08999633789062,75.08999633789062,75.95999908447266,74.88999938964844,75.0199966430664,1160800,2025-09-24
73.44999694824219,73.44999694824219,74.52999877929688,73.08000183105469,74.11000061035156,1188500,2025-09-25
73.8499984741211,73.8499984741211,73.87999725341797,72.80999755859375,73.44999694824219,1790700,2025-09-26
73.9000015258789,73.9000015258789,74.5199966430664,73.06999969482422,74.5199966430664,1247000,2025-09-29
74.33000183105469,74.33000183105469,74.41000366210938,73.05000305175781,74.19000244140625,1135300,2025-09-30
73.62000274658203,73.62000274658203,75.11000061035156,72.55000305175781,73.9000015258789,1664400,2025-10-01
74.04000091552734,74.04000091552734,75.94000244140625,73.68000030517578,74.05000305175781,1312300,2025-10-02
75.41999816894531,75.41999816894531,75.97000122070312,74.26000213623047,74.26000213623047,1854500,2025-10-03
74.3499984741211,74.3499984741211,75.94000244140625,73.56999969482422,75.94000244140625,1265000,2025-10-06
73.19000244140625,73.19000244140625,74.9800033569336,73.05000305175781,74.58000183105469,1311600,2025-10-07
72.73999786376953,72.73999786376953,74.01000213623047,72.62999725341797,73.37999725341797,1372000,2025-10-08
69.72000122070312,69.72000122070312,72.3499984741211,69.25,72.3499984741211,2385400,2025-10-09
64.43000030517578,64.43000030517578,70.33999633789062,64.25,70.31999969482422,4777500,2025-10-10
64.48999786376953,64.48999786376953,66.3499984741211,64.44000244140625,65.52999877929688,2261000,2025-10-13
67.0199966430664,67.0199966430664,67.37999725341797,63.20000076293945,63.2400016784668,2620500,2025-10-14
67.72000122070312,67.72000122070312,68.80000305175781,67.19999694824219,68.5,1797300,2025-10-15
67.91000366210938,67.91000366210938,68.5,67.01000213623047,68.23999786376953,1545300,2025-10-16
67.8499984741211,67.8499984741211,68.31999969482422,67.04000091552734,67.51000213623047,1248200,2025-10-17
69.08999633789062,69.08999633789062,69.62000274658203,67.68000030517578,68.25,1278300,2025-10-20
70.86000061035156,70.86000061035156,71.7300033569336,68.5199966430664,68.7300033569336,1746600,2025-10-21
69.2300033569336,69.2300033569336,71.05000305175781,68.97000122070312,70.48999786376953,1379000,2025-10-22
70.4000015258789,70.4000015258789,70.75,69.18000030517578,69.2300033569336,1233500,2025-10-23
70.20999908447266,70.20999908447266,71.55999755859375,70.12000274658203,71.51000213623047,1219100,2025-10-24
